-48851.46
-41377.64
-70917.54
-19074.16
-56617.32
-86954.64
-73231.74
-109888.42
-96659.38
-91852.4
-81830.28
-65300.54
-33001.84
-57285.88
-43436.84
-42117.48
-72960.42
-47736.14
-46781.04
-26646.44
-20726.62
-20815.94
-18704.94
-24399.02
-18431.38
-32322.96
-19672.82
-20298.34
-24582.44
-23291.22
-29599.02
-23149.64
-25978.8
-22538.98
-21378.58
-23215.14
-26450.2
-25715.02
-22207.68
-41908.88
-28586.3
-26058.64
-19137.26
-22222.68
-27970.06
-32895.98
-23198.14
-20226.32
-25365.8
-30623.94
-35841.02
-33926.62
-22133.6
-41748.94
-25582.46
-28993.48
-33529.46
-39185.6
-56991.14
-67151.9
-37518.56
-58193.64
-40939.06
-21714.48
-50427.76
-20879.22
-39088.42
-36463.12
-32706.72
-29858.48
-22406.8
-24269.48
-20704.44
-20968.88
-26161.68
-20878.5
-20973.14
-21104.68
-35510.6
-21021.3
-20322.6
-29001.28
-24540.18
-22187.04
-23708.62
-35861.08
-40892.4
-58938.32
-20816.02
-25247.1
-27061.04
-21716.02
-24016.7
-41898.12
-30123.96
-34450.58
-27020.74
-33282.74
-40526.22
-23035.68
-28395.38
-22442.88
-27443.52
-30720.12
-41526.98
-30179.74
-28063.34
-19282.9
-19432.9
-40274.72
-34616.2
-26086.98
-32463.34
-25485.84
-20237.58
-17894.68
-18702.7
-17289.16
-25855.78
-26159.56
-19406.54
-17807.94
-17389.9
-23988.84
-23182.96
-24354.38
-22868.78
-21785.3
-18779.62
-22407.06
-33080.66
-22316.9
-30722.4
-32737.58
-30102.42
-27381.12
-18797.82
-61587.56
-69157.04
-63984.88
-49056.4
-33218.76
-37267.58
-19645.0
-24801.26
-22784.18
-22642.72
-23404.24
-26381.38
-33934.4
-24868.86
-25551.96
-22221.9
-22614.96
-20775.08
-28517.62
-19494.72
-19719.08
-22805.94
-22687.46
-25792.4
-27117.3
-28902.04
-20367.74
-25480.06
-34358.4
-37413.98
-63406.32
-40383.04
-51699.36
-35541.94
-32774.5
-28092.7
-21744.26
-22171.12
-20951.48
-17370.6
-19644.36
-22368.48
-23468.7
-22240.62
-22880.24
-24421.82
-26939.12
-33895.26
-34892.16
-31925.52
-21798.8
-20172.78
-22676.68
-19816.94
-19962.62
-24062.16
-26496.36
-21932.32
-22474.32
-24505.58
-20468.26
-22174.72
-26508.1
-23581.84
-29627.46
-24039.2
-24483.74
-29810.02
-28844.92
-22475.48
-22082.54
-22075.52
-23597.9
-21593.42
-24961.16
-24906.72
-30555.52
-26301.28
-26284.02
-31320.8
-22646.48
-19677.64
-25726.54
-22167.18
-22900.96
-24832.46
-21801.02
-22559.42
-24989.94
-27522.86
-52343.2
-35706.08
-38851.82
-28699.92
-19426.28
-21290.72
-22813.92
-21997.12
-29623.24
-25751.96
-26440.82
-20206.32
-19155.04
-21508.0
-19232.48
-22254.46
-21249.26
-21502.56
-20865.94
-22660.36
-21105.8
-19483.32
-24286.22
-22519.82
-21132.14
-20698.32
-20361.4
-21126.38
-19264.9
-21826.74
-21274.54
-22693.14
-20547.02
-18747.62
-23438.16
-22527.92
-26321.18
-23627.84
-23247.52
-20743.98
-24491.6
-30201.46
-36967.7
-21408.82
-23184.2
-24942.7
-23709.12
-25736.32
-27930.24
-21238.6
-21124.46
-22659.42
-24272.7
-19641.28
-23956.74
-33272.6
-32836.04
-49768.8
-36379.48
-24342.64
-31058.84
-31630.2
-28526.66
-22044.18
-23245.48
-21774.0
-33562.16
-29550.0
-22666.06
-24118.22
-26307.36
-25775.44
-42462.5
-31518.7
-33427.04
-24658.98
-20564.8
-28262.66
-53636.02
-23655.3
-34409.4
-18356.28
-19344.42
-23439.34
-28966.0
-28240.5
-28266.6
-25524.82
-29107.22
-41493.56
-25543.38
-27052.34
-26272.28
-20004.56
-20402.8
-23460.94
-25271.3
-25978.64
-34534.0
-40715.14
-28046.5
-30871.44
-22152.62
-24614.5
-27954.86
-30960.8
-28281.0
-27878.22
-28783.88
-36174.94
-37338.08
-22562.96
-24558.66
-52198.0
-39563.66
-64219.38
-27417.24
-23795.38
-23720.2
-22154.38
-23637.38
-30997.5
-39369.3
-29559.94
-21434.52
-20627.68
-22883.96
-20052.12
-23246.22
-26499.92
-28993.84
-25219.7
-44788.82
-22747.36
-20482.58
-29158.04
-34566.7
-27745.04
-26431.64
-23941.68
-24017.92
-30917.5
-32956.64
-50425.32
-35089.4
-33866.68
-40527.52
-28929.94
-25523.52
-25567.08
-31013.02
-28000.36
-29136.5
-23984.78
-20375.56
-23353.96
-34672.94
-27717.38
-23363.5
-34715.1
-23718.42
-19715.32
-19559.16
-18611.92
-17702.52
-19921.82
-20492.04
-25043.14
-20989.9
-29971.7
-33963.7
-22403.94
-57054.36
-24189.78
-20476.92
-22016.32
-25051.18
-37827.36
-38439.58
-30003.54
-29636.02
-22022.98
-20814.22
-21191.96
-22662.06
-18312.04
-18613.06
-20575.96
-24137.36
-25817.52
-22222.9
-18915.6
-20051.84
-24520.26
-19494.72
-21004.16
-23125.26
-24293.46
-23166.98
-25602.0
-25099.74
-20580.5
-19509.92
-28910.36
-24753.94
-42638.92
-23246.72
-29590.12
-25863.78
-27779.06
-23110.48
-21922.64
-19371.14
-29258.22
-20056.4
-20419.8
-23943.08
-21455.1
-24616.92
-23468.3
-26277.88
-18486.46
-19088.66
-20695.98
-28158.84
-25693.88
-24150.7
-22177.62
-18972.88
-19056.9
-26568.14
-37380.22
-33398.32
-26928.26
-39387.54
-21069.06
-32366.56
-28916.14
-21373.12
-25762.58
-19406.68
-22234.14
-26319.1
-20306.92
-27314.16
-22783.98
-23324.96
-31806.34
-23707.64
-22256.48
-21349.88
-20537.4
-27239.46
-35459.48
-25981.26
-30291.14
-27871.02
-40696.9
-57731.1
-28155.16
-30568.64
-37672.1
-43235.02
-24875.52
-26441.44
-21524.56
-20709.52
-22571.98
-31651.86
-26577.06
-31763.78
-29057.24
-32102.98
-56416.86
-37795.78
-53837.94
-36754.82
-38607.0
-45957.58
-27349.8
-25412.02
-20370.06
-19691.44
-24556.66
-42893.02
-36658.02
-27567.08
-23847.6
-26000.24
-22226.38
-23348.1
-20213.52
-20683.38
-50457.72
-21517.56
-25240.5
-30648.18
-29564.48
-36550.04
-35612.1
-54280.86
-38136.06
-42056.46
-24797.58
-26347.94
-26704.88
-24168.14
-25454.56
-27237.2
-28765.42
-29975.6
-28264.88
-30244.32
-26248.04
-39046.3
-26447.26
-22795.98
-25345.54
-24446.7
-24334.26
-28610.64
-19642.42
-19867.08
-19653.64
-27288.08
-20257.36
-19893.58
-21041.36
-21159.98
-28421.18
-39797.26
-49145.74
-33777.96
-40336.84
-26657.36
-34433.38
-41922.1
-31606.68
-26792.98
-20476.76
-22205.48
-21209.3
-19002.4
-35284.04
-27316.38
-36326.54
-30082.08
-25654.3
-21667.06
-22015.64
-25907.74
-23574.6
-22620.06
-24398.62
-24816.66
-30423.66
-33939.66
-23199.14
-22076.04
-22860.94
-30493.56
-35418.5
-37057.4
-23826.98
-28985.4
-23413.64
-30702.66
-22380.52
-35576.76
-24939.52
-19392.04
-24935.22
-29345.84
-29857.3
-31384.1
-31294.26
-28150.94
-31386.16
-24977.74
-33310.54
-22437.82
-36715.4
-22905.56
-29138.3
-26990.62
-34729.0
-25371.6
-26548.78
-33021.26
-26602.4
-23392.78
-25255.4
-31299.84
-30911.92
-28100.24
-32572.62
-35301.06
-29336.76
-39607.32
-29447.14
-29684.14
-32715.58
-24417.86
-20373.96
-20123.32
-21119.34
-19788.68
-24060.9
-26433.64
-25686.36
-35935.24
-24532.84
-24503.74
-20629.84
-27190.46
-23358.12
-24189.98
-25313.54
-29909.96
-24128.54
-19521.54
-19019.48
-20683.36
-31470.7
-25779.1
-29479.74
-28950.34
-40044.54
-36264.68
-29061.34
-27873.2
-27687.06
-23964.1
-24534.32
-22271.72
-18925.02
-21011.88
-30706.78
-22509.22
-30115.7
-26156.9
-33195.28
-26117.14
-23273.32
-37338.42
-29838.92
-36740.58
-40508.72
-34669.36
-29942.72
-31188.08
-35137.4
-21456.74
-22217.18
-36496.1
-23860.64
-21111.18
-29173.98
-28287.4
-22008.96
-28905.8
-51068.78
-28474.08
-21269.8
-43127.5
-35655.68
-47884.82
-36254.68
-49278.78
-43798.32
-31164.66
-36484.12
-31937.28
-32155.16
-42634.1
-37860.4
-36585.46
-36282.36
-34469.08
-26884.76
-26351.7
-20529.44
-23536.12
-38569.62
-30888.82
-22797.72
-20307.26
-22439.14
-23145.4
-28288.18
-22378.8
-37320.22
-38673.26
-29615.4
-37323.5
-27239.86
-34286.24
-24582.22
-42240.04
-50816.82
-25090.68
-23228.58
-24389.26
-21797.36
-24277.24
-23994.76
-32913.38
-22814.68
-27087.86
-24688.62
-24968.48
-28001.38
-22173.8
-23597.24
-19796.88
-23067.36
-32529.88
-27090.96
-46316.26
-27885.32
-28617.04
-41284.98
-27577.52
-28595.28
-31503.44
-35443.22
-30561.28
-25544.24
-20372.62
-22357.4
-19814.06
-28962.26
-29970.84
-44126.62
-36336.66
-24058.58
-21972.44
-22680.24
-25750.32
-27225.8
-22305.32
-30321.64
-26867.18
-25375.04
-37942.44
-19464.38
-32381.2
-22689.98
-23024.9
-32957.72
-40768.42
-35884.86
-36075.24
-25582.18
-31650.3
-20880.66
-30675.14
-34817.24
-23142.62
-21703.78
-20429.8
-22704.58
-25453.08
-32169.16
-28218.96
-39913.16
-28387.1
-21757.12
-32609.5
-23935.04
-21794.48
-23382.54
-20548.54
-23471.48
-23496.08
-25226.8
-24559.58
-32878.26
-42269.22
-21880.7
-40328.58
-41788.52
-35751.54
-23232.32
-22020.86
-29004.68
-24579.9
-51068.14
-38315.12
-35370.64
-21915.9
-21392.24
-26648.24
-24278.16
-35797.4
-33987.48
-33603.04
-25752.18
-27710.78
-32453.72
-35691.94
-35891.24
-36308.28
-32407.14
-60651.16
-47311.16
-40952.74
-34119.8
-28530.78
-26640.12
-33506.12
-32711.76
-30919.36
-28265.4
-21848.16
-20447.44
-36268.82
-22987.76
-21155.7
-20960.74
-27637.6
-31446.9
-40342.52
-51691.56
-26804.68
-36105.96
-35472.62
-34961.9
-32114.0
-40795.52
-42077.96
-33794.16
-26227.76
-28687.02
-30841.04
-24104.18
-18989.58
-28997.26
-20330.68
-33884.82
-25874.2
-20586.3
-20265.06
-20140.06
-20763.78
-19111.38
-38483.84
-43395.38
-43357.9
-55352.46
-32847.9
-58932.46
-52177.18
-35987.12
-47455.04
-29523.54
-25760.58
-23331.12
-29167.92
-34262.74
-25016.18
-28105.9
-22129.0
-37458.7
-24689.2
-20794.6
-20241.26
-19781.18
-20020.26
-23880.28
-24357.26
-20925.0
-33583.28
-37028.9
-42136.16
-26329.2
-21567.52
-25900.8
-47807.66
-54839.86
-25601.26
-23547.12
-20214.32
-20023.28
-19265.08
-23365.38
-22597.16
-19093.58
-18647.58
-21191.56
-21073.42
-27046.4
-25987.28
-32138.44
-22752.82
-30231.7
-32736.28
-38702.38
-31402.26
-24362.08
-25599.46
-21419.5
-22171.96
-20431.44
-18961.26
-19715.84
-20610.3
-23087.32
-31958.56
-37890.06
-37556.0
-39607.34
-49042.48
-30907.52
-27013.42
-26658.14
-22718.2
-19902.3
-20270.58
-25110.34
-22440.58
-24983.86
-27157.4
-32426.12
-37306.64
-20233.84
-22907.58
-22985.42
-25003.44
-33614.4
-28334.32
-20646.62
-21788.2
-29375.04
-39656.02
-37525.78
-28509.52
-51611.34
-34289.38
-23827.22
-21934.74
-24085.58
-21844.5
-31533.32
-33857.76
-32511.46
-25448.7
-25924.06
-38118.28
-29968.86
-34831.12
-40879.44
-33015.72
-35583.56
-31730.18
-27359.4
-28542.3
-18723.38
-17273.3
-22334.96
-41755.9
-23121.28
-22053.66
-22981.0
-18940.36
-20807.02
-25415.54
-25410.04
-29021.2
-24329.3
-38625.56
-31401.0
-33931.58
-23613.46
-24820.48
-25168.72
-21818.8
-22706.1
-22255.38
-31556.32
-29564.96
-25797.56
-31903.02
-22835.82
-24752.46
-19732.98
-29937.74
-38214.24
-34141.84
-26608.06
-26088.34
-21311.5
-21135.62
-24598.06
-27216.22
-30628.98
-32205.5
-52370.34
-39990.44
-27869.74
-20619.54
-19722.82
-24748.76
-20450.68
-29385.88
-29776.02
-30212.16
-26122.36
-24848.22
-19665.6
-20442.5
-29860.64
-19937.38
-22547.06
-20939.66
-45333.2
-54963.9
-36362.14
-25241.8
-32291.0
-33277.94
-19936.7
-20073.88
-24043.14
-20723.32
-18881.84
-19583.84
-22560.64
-28663.48
-20271.36
-22542.68
-28261.5
-20077.56
-20445.78
-19221.4
-19218.08
-39720.94
-31986.02
-25089.98
-30283.32
-29280.4
-27727.8
-20074.06
-19242.8
-18993.74
-19615.88
-18384.62
-17978.82
-23314.66
-20071.96
-19801.12
-20472.76
-24107.5
-19902.16
-20972.74
-28074.74
-26943.42
-22463.48
-21100.68
-35106.32
-52195.02
-54718.88
-30452.4
-24657.02
-32222.0
-22926.32
-22191.32
-26612.52
-23749.3
-25559.1
-36593.36
-48998.18
-47156.68
-31613.0
-36809.8
-35565.38
-30243.02
-25834.76
-47061.92
-36517.98
-27582.92
-41553.88
-53514.02
-46958.94
-32988.04
-26287.02
-23228.04
-26398.28
-18503.42
-21806.04
-22888.72
-18460.66
-19034.98
-18971.34
-22439.08
-22441.18
-21219.48
-27672.68
-29079.12
-31324.42
-27683.66
-25960.38
-21936.52
-25050.36
-24064.76
-47948.46
-24083.18
-25069.9
-21968.26
-30029.54
-22575.02
-37879.54
-46208.48
-46949.58
-56445.5
-35340.26
-23071.9
-24294.72
-23928.26
-54071.76
-44478.86
-44839.56
-42895.0
-33412.02
-21027.02
-22734.58
-25281.94
-29407.78
-34260.3
-26209.02
-27720.72
-26774.64
-26831.02
-35197.2
-25532.34
-24085.76
-21991.16
-21588.28
-31021.5
-41275.74
-39666.64
-49206.78
-41739.0
-33013.38
-26320.26
-28196.1
-19190.24
-22499.28
-23356.32
-28108.02
-39374.54
-31207.9
-23385.28
-20559.28
-25126.68
-24442.62
-27783.24
-27308.7
-23360.42
-28940.34
-40330.98
-31764.2
-30059.62
-22046.54
-23448.4
-19524.1
-19580.12
-20871.52
-19906.26
-19186.62
-22425.12
-20182.92
-21459.52
-22562.36
-20096.98
-19310.6
-20998.2
-24080.78
-28188.3
-22451.08
-20201.72
-26409.56
-29171.06
-19841.54
-20754.66
-29109.24
-22820.64
-23585.78
-25014.3
-24736.4
-21580.62
-23159.74
-32248.6
-30273.14
-31544.1
-26476.38
-34924.74
-38064.32
-26300.92
-45733.58
-41651.38
-34271.48
-22970.32
-21522.34
-19379.26
-22931.52
-28392.9
-30227.78
-32930.18
-35455.6
-30720.14
-27446.6
-20394.06
-32855.9
-26209.72
-23850.56
-24462.36
-29777.44
-39765.0
-39026.66
-55104.7
-46586.66
-24194.88
-19928.4
-34594.18
-19181.24
-21731.54
-24146.16
-26513.22
-24716.32
-21387.88
-22801.46
-30748.5
-23225.76
-28114.14
-25878.12
-20468.1
-23014.64
-33833.56
-33474.62
-25538.2
-37102.86
-25508.38
-36592.5
-43795.26
-28621.64
-32637.46
-23205.22
-39652.34
-25748.54
-31149.98
-24230.86
-24983.78
-24192.38
-23605.02
-38571.04
-38401.26
-23380.88
-20690.58
-20406.54
-33155.9
-21582.06
-21522.9
-26393.72
-27831.1
-28869.78
-26802.84
-27316.78
-42432.34
-40563.28
-39525.42
-43611.4
-29943.44
-29022.36
-34093.12
-36793.4
-26575.02
-22025.6
-20451.42
-22484.58
-19794.56
-27898.1
-36928.18
-25934.34
-21623.86
-23452.52
-24278.32
-25564.62
-22556.58
-25991.42
-22880.46
-22223.72
-23025.18
-20708.78
-19696.14
-20008.64
-21593.32
-19705.86
-22950.96
-19522.26
-33968.3
-29109.4
-22382.38
-25333.98
-25641.64
-21532.38
-18837.36
-21434.88
-23473.56
-28154.54
-28644.54
-23231.24
-23333.44
-21747.26
-29914.48
-26273.64
-23486.42
-38202.5
-35478.5
-27386.8
-22849.72
-19234.28
-18410.9
-17935.96
-24936.04
-23306.92
-19656.78
-24021.02
-27799.6
-23862.68
-25510.52
-25093.06
-21474.46
-34392.1
-22921.02
-29621.36
-35285.36
-29822.34
-26460.54
-31627.2
-23698.94
-30257.82
-33369.94
-51060.96
-38298.12
-31755.36
-24465.16
-29419.7
-23122.82
-38032.76
-39214.14
-26695.94
-20490.04
-31650.46
-21873.96
-25758.16
-29555.66
-28484.08
-25106.94
-37004.18
-35758.92
-29186.56
-22765.58
-21403.42
-39272.0
-25756.96
-21903.3
-18966.88
-28182.04
-37844.94
-34346.78
-19563.18
-20645.78
-18948.52
-18747.42
-20930.68
-23156.46
-24961.54
-33244.3
-19824.54
-24411.88
-29211.28
-53281.0
-41649.06
-39165.58
-50752.58
-34945.26
-23149.7
-19982.82
-41756.12
-44021.4
-53044.52
-27306.3
-47238.64
-59274.3
-41454.22
-49105.96
-26266.98
-22786.1
-31933.16
-25075.38
-25619.18
-24108.54
-24048.1
-21530.4
-35181.34
-40469.84
-29459.78
-17146.14
-19013.76
-18225.88
-18802.78
-19734.36
-24234.4
-24746.9
-22095.58
-27141.96
-21920.0
-19925.24
-27836.7
-27374.8
-25006.96
-21007.92
-20019.28
-20355.14
-20101.52
-21903.36
-20692.38
-19828.44
-24646.3
-26652.3
-20265.68
-24462.88
-23075.5
-29717.54
-26520.5
-19124.78
-23197.04
-20696.94
-17050.66
-18032.38
-21652.84
-43882.06
-42213.5
-39030.66
-37694.46
-35786.34
-21276.44
-20562.64
-28810.12
-32867.32
-24310.26
-27699.96
-20100.42
-40034.82
-20487.1
-20703.92
-21425.54
-25756.54
-20353.58
-29422.3
-19574.86
-22263.4
-28392.96
-31241.28
-34357.62
-25146.26
-20058.2
-20200.72
-23232.18
-24045.76
-22506.98
-19465.34
-19210.54
-18759.16
-19525.72
-24692.24
-20360.88
-24053.54
-21604.4
-19198.6
-26153.52
-25307.46
-20647.4
-21669.54
-21411.5
-21449.32
-29023.38
-22949.94
-26705.24
-23911.58
-24227.72
-20727.02
-21029.0
-19740.9
-20383.1
-20331.86
-19353.24
-17459.76
-19018.9
-20302.82
-21376.86
-23249.2
-27400.5
-22341.8
-25436.02
-18996.76
-18829.56
-23213.28
-18139.18
-21722.96
-26314.28
-33814.36
-22947.68
-21118.3
-31500.42
-20244.34
-19999.36
-21622.3
-23161.64
-22865.94
-18739.38
-19944.22
-19192.4
-24934.36
-23097.2
-19700.18
-18744.66
-19961.6
-19356.06
-18819.36
-18739.62
-20372.58
-19223.86
-19025.48
-19285.24
-20097.02
-20737.28
-21566.22
-18319.36
-27196.14
-27859.76
-22755.8
-24941.96
-24763.06
-20637.96
-20603.3
-25369.96
-22042.38
-23726.28
-24657.94
-18424.28
-18435.16
-18290.62
-20746.48
-22444.74
-22008.9
-19946.26
-20163.0
-19911.24
-19101.28
-21873.3
-18641.54
-16866.24
-21654.92
-24370.18
-20904.88
-21045.78
-20442.7
-21731.76
-21053.9
-19502.92
-17936.76
-18699.22
-20433.48
-20255.7
-18717.58
-31228.52
-28381.12
-20228.04
-29447.76
-20296.24
-20196.32
-22902.6
-19200.48
-18212.14
-17797.32
-17020.44
-18132.36
-20634.2
-22780.18
-27889.14
-20587.86
-34193.42
-28090.54
-27381.68
-25178.84
-24365.88
-28981.88
-25572.86
-20864.26
-22612.8
-18904.7
-19050.24
-19247.7
-34364.32
-19675.94
-23060.82
-22513.66
-19615.84
-19366.9
-18821.76
-23090.94
-19267.62
-20208.72
-19778.58
-20935.34
-23458.98
-26806.66
-25145.08
-29745.92
-25854.12
-24169.38
-19078.64
-26275.92
-21144.56
-19501.86
-20707.8
-21139.84
-35640.18
-38953.06
-41498.54
-27436.52
-17326.28
-19906.22
-24472.74
-20020.32
-20963.84
-25621.24
-22440.62
-19904.9
-22481.12
-30432.52
-26193.46
-21711.78
-18766.24
-18836.5
-18647.96
-23158.2
-21607.42
-24177.72
-24309.88
-24401.02
-24637.08
-18608.74
-19589.88
-19563.96
-21062.42
-22992.78
-25577.36
-20589.94
-27702.04
-21399.28
-26634.36
-19800.72
-34429.24
-17691.0
-24126.22
-19785.96
-17263.78
-19014.12
-27934.04
-24727.08
-20351.86
-26037.8
-21636.68
-26136.7
-22847.94
-20789.5
-25526.12
-33306.26
-46531.78
-35266.0
-28799.48
-36686.16
-34156.52
-24553.48
-24881.86
-20559.46
-18121.1
-18579.22
-19316.64
-19517.42
-18624.52
-26713.42
-19296.12
-19275.82
-17767.66
-20547.94
-19610.62
-22858.56
-27259.26
-24533.68
-22863.04
-22684.52
-21424.42
-24030.76
-22715.38
-23571.58
-34431.8
-46594.08
-24340.6
-23648.18
-24108.86
-19250.72
-17451.6
-26114.58
-26889.22
-27847.3
-21072.36
-19125.3
-19054.86
-18446.48
-20474.66
-21334.36
-19938.08
-19944.04
-22991.4
-42868.84
-19811.1
-32571.68
-24242.36
-32816.22
-27161.88
-18616.28
-21685.76
-20384.08
-18198.0
-22479.0
-23630.82
-19877.7
-18707.12
-16947.2
-16357.28
-18632.74
-16436.56
-16531.22
-18411.44
-18654.94
-18163.54
-17831.06
-17535.82
-19281.34
-17406.16
-18161.74
-20068.02
-19040.76
-20804.68
-22043.6
-22845.36
-22636.24
-28800.8
-24288.12
-19865.44
-19357.94
-17041.68
-32845.26
-22211.68
-19218.58
-17679.02
-25107.1
-24612.92
-18489.9
-16643.22
-18474.54
-17784.54
-17376.6
-18768.5
-17965.72
-26157.58
-18647.98
-18448.68
-18011.26
-18748.7
-18783.0
-20420.56
-20054.04
-18295.14
-17492.92
-19397.58
-18602.02
-25941.36
-20906.22
-20257.36
-20454.86
-20286.22
-17794.56
-17768.9
-20241.56
-25805.52
-18588.64
-19428.24
-18664.18
-16786.98
-18177.94
-17387.32
-17808.06
-17139.12
-16889.24
-18064.66
-17165.96
-17180.46
-18332.14
-18097.94
-18163.9
-20565.12
-18615.96
-19820.2
-20360.76
-24438.36
-25498.66
-33459.0
-32902.06
-36686.82
-31586.7
-32133.08
-29949.58
-22868.36
-25193.86
-27158.34
-19168.86
-18321.68
-23494.52
-19494.66
-19513.3
-20468.5
-18963.06
-19463.08
-18392.68
-19922.66
-19624.62
-21866.52
-21091.44
-19252.46
-25309.66
-18340.96
-18304.92
-19470.0
-19744.64
-18306.6
-18730.08
-25295.62
-34360.52
-41055.72
-43867.98
-21134.76
-21837.72
-25625.76
-29974.1
-31744.94
-26691.48
-38077.3
-35875.88
-66819.74
-32971.78
-25980.36
-39934.22
-25198.06
-30198.72
-29180.18
-18421.62
-25379.56
-20823.18
-20358.52
-20026.52
-19541.02
-25557.52
-31389.28
-22165.12
-30418.2
-21613.64
-25205.34
-26640.42
-23870.62
-42149.34
-28900.94
-34061.68
-38908.28
-25631.54
-56363.94
-61308.42
-49813.8
-22831.54
-58126.92
-59131.44
-41950.96
-25205.2
-54646.5
-26995.54
-36899.9
-54406.42
-32732.06
-40941.7
-46472.38
-31812.28
-21605.08
-18225.96
-18501.2
-17623.46
-18698.58
-18498.06
-18993.56
-18010.0
-17303.58
-17808.7
-18721.54
-19395.78
-37462.4
-48445.92
-18900.42
-23955.38
-23427.04
-18462.28
-19700.44
-20838.36
-18688.32
-17001.46
-20520.9
-23526.96
-19973.6
-38254.88
-50707.0
-26489.96
-36723.96
-30024.9
-39695.06
-22074.38
-24435.14
-19404.64
-18210.36
-19136.66
-21776.98
-25612.04
-32610.6
-21392.78
-21897.24
-22783.0
-21680.52
-30376.02
-20668.56
-21204.5
-20204.44
-23662.72
-19653.74
-22439.26
-18620.04
-20528.22
-21920.98
-28408.46
-24312.14
-30014.04
-26957.48
-21307.38
-19250.68
-19564.74
-18433.4
-32948.72
-31861.44
-26861.54
-20138.92
-19037.92
-42354.24
-27637.84
-18921.96
-23455.68
-19060.76
-19711.94
-20928.64
-21043.36
-23612.24
-26532.26
-23706.48
-20862.84
-20099.12
-18672.1
-19857.44
-21972.5
-20416.74
-18370.16
-24464.06
-23377.5
-23157.82
-21157.72
-20328.1
-20313.8
-20033.38
-19479.96
-19457.48
-19132.62
-17562.96
-21202.7
-19697.34
-19819.32
-20442.0
-20689.84
-23579.6
-18875.88
-19277.62
-18634.6
-18155.76
-18315.78
-19032.12
-17449.62
-18413.64
-18006.92
-16918.0
-18574.68
-17704.4
-18372.42
-18866.82
-18604.3
-19307.5
-19187.98
-17999.56
-19183.6
-18011.76
-17415.16
-20600.72
-23610.84
-18938.98
-19184.72
-19283.12
-18728.9
-18729.42
-19717.66
-27917.86
-22058.48
-20420.38
-18258.02
-18815.36
-20832.14
-18299.66
-17910.52
-18499.64
-18629.64
-20167.48
-17882.62
-19704.54
-19678.88
-20292.4
-22031.96
-19227.22
-24401.44
-19674.9
-20583.7
-18274.1
-18419.46
-18904.08
-26799.48
-29811.9
-20476.68
-19594.58
-19713.84
-21534.48
-20975.4
-23768.6
-20265.7
-19820.4
-20426.62
-19483.12
-22180.4
-20804.18
-23124.4
-19301.16
-31469.9
-20586.74
-20382.26
-19540.28
-18334.98
-17795.74
-19611.94
-18235.94
-20001.34
-19535.22
-21038.8
-20175.6
-17812.06
-17912.5
-19124.0
-17873.38
-17058.36
-17086.52
-16861.24
-17440.46
-17376.44
-22513.16
-19102.98
-47938.68
-38878.76
-42138.78
-46769.2
-31268.9
-22624.36
-22175.36
-22896.78
-21633.14
-26692.84
-21731.5
-22038.4
-18452.62
-17632.22
-18060.08
-19455.9
-19779.66
-24285.82
-20858.42
-19086.06
-20047.28
-21620.48
-29639.38
-21545.34
-31377.32
-28693.68
-35443.7
-33127.46
-18449.36
-18957.48
-18068.32
-18349.34
-17034.4
-20451.96
-21042.66
-17194.5
-20580.18
-17890.36
-22763.68
-20920.5
-24319.92
-18836.96
-21769.0
-23127.12
-19295.98
-20947.28
-19995.82
-18770.26
-18223.7
-17904.14
-19292.88
-19496.12
-24902.72
-31946.16
-27303.02
-25224.32
-29286.5
-22250.22
-25087.22
-21118.06
-23339.02
-18537.26
-17979.6
-17477.9
-20219.02
-17247.7
-18751.62
-20407.72
-40597.84
-20968.1
-46961.44
-43478.14
-23299.78
-22501.92
-18545.44
-20282.52
-21851.02
-20546.82
-16626.86
-16445.3
-18532.72
-18109.7
-18216.12
-16967.08
-16773.98
-18448.16
-17109.88
-16667.94
-17997.8
-19637.4
-19632.8
-19827.22
-20000.0
-20567.02
-18881.38
-17731.78
-21241.1
-20537.6
-20379.54
-17557.86
-17795.46
-19612.84
-18638.68
-18248.44
-18305.9
-18786.16
-18342.52
-20979.34
-20564.18
-20634.48
-19355.7
-21989.9
-24692.1
-20501.78
-21699.72
-18559.12
-19876.56
-17181.52
-17817.46
-21048.4
-28251.38
-18871.58
-17530.8
-17833.32
-17531.3
-16983.32
-16897.3
-17486.14
-21877.6
-17833.5
-19670.7
-20766.54
-18134.36
-17790.48
-20474.4
-18164.8
-17778.3
-18512.06
-16574.06
-17268.68
-18176.98
-17585.06
-16368.66
-16656.88
-16578.64
-16123.7
-16654.8
-18030.82
-20415.9
-25642.52
-17491.8
-16848.0
-23838.36
-17235.68
-16583.94
-18033.92
-18379.1
-17943.82
-17330.88
-17935.4
-16966.22
-19223.66
-17749.76
-20039.68
-18209.56
-19728.06
-20600.24
-21400.54
-20569.84
-21859.5
-28146.36
-27114.44
-27032.7
-33489.52
-22078.1
-19366.28
-18370.04
-18017.18
-18652.02
-18317.62
-17532.46
-19348.62
-17994.24
-21028.84
-18461.0
-16904.48
-16491.24
-18886.16
-22710.0
-17037.28
-17366.1
-18683.04
-18590.9
-20052.26
-18962.3
-17789.02
-18623.76
-20399.08
-16800.26
-17420.72
-19251.36
-19284.06
-33212.72
-22345.4
-19785.8
-17966.18
-17068.54
-17446.28
-17081.24
-16374.44
-17516.6
-17991.84
-17650.62
-15963.54
-16316.88
-18919.88
-20844.88
-18426.22
-17813.44
-16899.86
-19498.56
-22962.84
-19917.24
-19949.36
-19340.48
-26843.1
-18690.54
-19085.76
-26005.88
-19137.72
-21702.5
-22295.14
-24274.12
-19916.84
-20414.88
-29384.4
-23175.16
-21461.82
-19479.2
-17555.2
-17414.48
-22294.56
-18064.5
-18357.58
-17292.56
-18086.06
-17188.62
-19432.76
-17435.04
-23468.9
-17630.9
-18446.1
-20451.3
-20510.26
-17154.04
-17297.1
-19076.7
-17484.76
-18253.08
-18264.46
-18636.68
-17337.8
-19347.02
-19054.26
-17992.74
-17625.56
-18019.94
-19407.18
-19997.6
-35914.8
-24463.32
-19525.76
-21107.12
-40458.66
-28267.62
-40529.46
-32101.9
-31288.22
-24006.98
-20189.44
-17460.56
-38025.5
-35224.18
-39382.16
-32313.68
-21581.5
-20563.58
-18505.0
-18279.2
-17680.02
-20931.1
-21022.24
-31805.24
-26398.74
-21732.04
-19738.34
-26733.6
-26829.48
-23479.98
-26568.64
-24134.92
-18995.94
-17799.34
-19151.32
-17579.52
-20240.18
-24843.96
-18919.32
-23104.3
-28807.58
-26797.42
-27028.8
-18232.5
-25158.18
-18676.08
-19560.0
-18147.14
-17787.8
-22333.72
-19718.86
-18813.34
-17787.24
-16245.4
-16182.3
-15977.78
-15993.68
-16787.78
-17914.32
-22971.32
-24175.66
-20497.34
-18027.48
-18529.66
-20138.96
-17914.74
-18859.26
-19300.58
-17406.38
-30403.36
-38339.94
-17146.96
-18037.52
-30899.26
-25585.04
-25871.8
-25617.32
-17049.26
-17301.78
-18145.72
-28045.48
-16152.16
-16929.92
-18002.64
-21810.18
-17001.92
-18915.16
-22064.6
-26973.54
-21196.8
-20383.94
-23045.3
-20428.32
-16451.46
-17492.44
-19265.38
-24188.1
-24679.06
-21172.88
-16946.12
-18693.48
-17663.56
-18053.44
-17182.76
-18929.8
-18923.94
-17170.78
-17225.82
-15714.66
-17299.62
-16081.3
-18054.92
-17738.78
-17962.12
-20639.92
-34021.48
-17494.2
-18226.08
-16605.68
-18176.14
-17987.94
-18410.08
-33333.58
-20141.64
-22236.04
-21207.52
-17877.28
-18015.28
-15979.1
-19879.74
-18154.02
-16479.22
-17512.02
-17315.6
-17793.68
-18251.4
-17951.6
-16554.08
-15679.32
-19504.68
-19071.72
-18940.44
-17454.86
-16856.78
-29155.1
-26865.34
-16711.02
-16497.48
-17024.7
-17967.46
-16473.9
-16675.78
-17322.54
-17908.22
-18237.4
-17745.02
-17958.1
-19189.56
-31840.36
-30383.22
-22775.14
-18876.72
-18129.46
-23900.44
-20257.22
-17652.64
-18831.14
-20704.94
-16386.48
-23898.38
-17617.24
-17093.2
-22547.16
-17998.16
-22727.14
-19501.42
-24775.84
-21403.76
-17983.44
-16600.54
-18028.94
-17840.66
-26875.38
-18883.92
-17502.02
-22557.06
-21122.46
-18887.6
-18728.42
-18147.64
-18541.02
-28467.78
-26420.9
-17528.26
-17632.98
-23634.1
-21768.42
-20042.66
-24385.38
-18250.98
-20290.44
-17578.28
-18723.4
-32494.1
-24721.52
-17691.84
-17296.48
-17495.08
-17999.82
-16874.24
-18087.34
-17777.6
-16793.54
-15972.74
-16841.88
-17315.58
-17409.68
-21921.84
-17546.82
-17585.12
-17459.38
-18252.28
-18760.64
-18127.52
-18325.24
-21623.04
-19290.98
-26100.5
-19952.1
-18217.0
-17633.84
-16916.18
-18554.88
-20634.3
-15265.96
-16739.58
-18713.96
-18145.4
-19135.26
-17081.16
-18249.52
-17657.7
-22750.38
-22067.16
-22793.24
-24749.5
-19071.74
-20955.1
-18361.78
-21112.52
-18630.72
-17962.72
-17699.76
-17388.98
-32618.84
-28180.46
-22000.44
-21803.82
-18044.54
-16734.08
-20500.56
-18583.62
-20035.6
-20086.1
-19909.68
-35698.7
-22497.28
-20136.48
-19581.94
-18750.12
-22220.44
-19759.4
-19622.7
-27726.68
-21712.74
-21328.66
-23176.0
-46037.74
-40712.1
-20848.52
-19717.76
-18699.3
-17398.02
-17711.66
-16754.28
-16620.64
-16678.9
-17234.42
-16909.3
-17870.72
-16178.56
-18131.76
-17365.1
-17233.04
-17074.96
-17537.7
-17084.82
-18884.34
-18358.88
-17863.52
-19166.62
-17888.96
-19363.24
-19009.02
-17515.74
-17012.46
-17605.66
-18032.84
-19516.56
-17442.58
-16001.04
-17004.94
-15799.28
-17955.88
-17627.48
-17316.48
-17924.8
-17240.48
-16425.52
-16817.24
-17242.72
-16095.48
-17351.4
-16573.84
-17011.34
-17255.92
-18498.86
-17952.42
-17207.16
-18756.38
-17015.98
-17527.46
-18087.72
-18304.1
-17355.12
-17578.12
-17358.94
-18888.58
-20154.06
-19645.88
-18345.94
-17752.56
-21508.18
-21486.9
-18427.56
-18548.54
-18939.36
-18497.1
-19547.3
-20480.68
-22188.7
-20634.6
-19157.62
-19855.4
-19782.24
-18203.04
-19325.26
-18369.14
-19393.26
-18589.44
-20522.42
-19072.96
-18710.44
-17564.98
-20946.16
-21674.36
-21583.04
-22942.08
-23724.94
-20178.76
-18519.32
-17835.16
-21275.8
-22192.54
-21724.14
-20517.42
-25913.14
-21418.24
-19582.56
-20721.84
-19917.02
-20674.42
-24083.86
-17985.12
-17678.64
-17453.48
-19518.9
-27427.74
-38618.24
-19894.32
-18693.86
-20868.76
-18811.12
-20169.48
-20752.64
-17195.96
-16704.96
-16634.94
-19751.96
-21535.08
-23077.12
-18834.94
-17908.94
-18452.6
-18213.8
-18582.58
-18726.36
-19675.92
-23885.06
-20272.58
-20826.96
-19034.68
-17530.92
-19219.38
-17446.5
-18651.72
-36608.06
-20099.32
-26497.94
-32019.24
-26702.32
-23537.3
-20476.58
-32194.56
-33610.8
-26636.02
-19383.4
-24991.18
-35912.1
-19889.46
-19609.36
-18923.12
-18530.26
-16946.5
-19178.04
-17498.74
-19868.34
-18141.92
-17115.12
-22581.16
-30940.84
-29375.08
-30766.54
-25979.04
-20826.96
-21923.36
-20955.68
-20146.26
-17606.0
-17484.72
-17417.1
-16564.84
-20931.46
-20262.92
-28459.76
-20786.78
-19271.6
-19751.28
-19755.5
-17864.26
-18226.54
-18215.96
-17840.22
-17155.92
-18475.92
-17086.3
-17598.36
-17045.76
-18147.2
-16670.92
-16711.6
-16467.38
-17875.72
-17931.72
-18488.26
-18958.34
-18427.82
-17182.3
-19081.66
-18339.12
-18912.18
-18370.36
-18866.3
-19912.0
-22158.14
-17653.32
-17683.82
-18019.1
-17103.06
-16815.58
-17223.56
-18091.96
-18269.98
-16093.54
-18727.26
-18144.48
-17119.7
-18080.84
-31551.2
-19571.6
-22881.74
-17243.14
-19527.86
-29100.2
-18547.54
-22918.24
-16719.04
-16740.52
-24100.22
-18988.94
-18905.54
-25925.44
-25202.5
-18461.78
-19417.62
-28171.44
-30503.42
-17828.28
-21271.74
-19104.86
-16850.38
-18004.36
-15678.84
-17175.36
-18804.0
-19804.3
-24093.92
-19652.66
-26212.22
-25602.38
-37903.52
-24677.04
-28561.66
-26015.38
-35605.72
-21585.38
-20779.38
-16719.4
-15992.04
-19094.14
-20766.7
-18289.62
-22455.9
-20544.66
-24620.34
-21030.4
-17479.92
-18159.96
-17738.52
-18333.68
-18407.8
-18445.14
-17975.22
-19149.7
-18606.26
-18248.92
-25722.94
-17641.46
-16358.22
-18042.28
-18926.66
-17636.58
-17225.9
-19487.14
-17500.62
-17679.42
-17059.98
-16768.7
-16975.48
-16763.3
-18516.98
-17638.4
-17298.82
-16996.22
-18885.98
-19708.9
-18094.22
-24037.52
-18952.68
-17235.7
-21342.92
-17929.72
-19216.26
-18974.72
-17080.62
-17574.8
-17488.56
-16882.68
-17808.52
-18828.1
-17167.94
-17962.9
-17962.92
-17435.16
-17047.02
-16468.54
-16718.48
-17001.34
-16924.92
-17184.46
-18769.18
-18889.38
-18896.4
-19727.98
-31803.08
-19776.9
-20035.32
-26466.06
-27208.92
-39902.2
-33085.92
-19649.24
-18834.3
-19333.42
-27311.1
-26616.42
-17918.76
-17697.02
-17617.52
-17310.4
-17817.16
-20316.58
-19966.94
-20574.44
-17516.56
-19609.38
-19143.5
-20147.0
-18780.76
-18283.6
-19572.34
-23100.86
-18894.4
-20502.18
-19100.82
-18896.46
-17569.3
-16535.08
-17595.5
-17694.0
-18012.88
-15625.3
-16258.62
-17264.32
-18638.18
-17833.34
-17539.04
-17582.62
-17607.3
-16216.74
-17677.06
-20051.46
-17670.1
-16898.56
-17557.1
-17928.9
-17032.94
-19514.72
-20464.68
-24390.88
-17976.6
-22288.78
-46763.82
-21637.0
-23278.82
-28576.84
-23851.64
-18012.54
-21955.54
-16820.9
-20066.16
-16956.92
-16915.22
-16783.98
-18894.06
-18789.84
-30009.22
-18570.62
-21030.82
-17425.2
-16789.9
-18642.92
-17290.16
-22958.24
-28298.78
-32960.46
-29317.96
-47098.26
-29315.72
-18332.72
-27317.9
-18919.08
-20272.36
-19175.92
-17103.7
-18214.84
-19208.54
-24683.78
-25205.34
-24967.22
-19630.82
-18043.32
-17844.22
-21075.92
-18498.6
-20597.94
-17162.62
-17914.4
-17923.38
-17382.56
-17253.86
-17216.82
-17185.54
-17511.62
-16291.46
-21166.74
-18052.82
-18184.3
-17334.66
-18146.08
-16756.26
-17452.38
-17705.96
-20022.28
-20056.84
-17880.76
-18964.92
-17431.42
-16363.68
-18423.24
-16929.7
-17935.76
-17081.74
-17788.36
-16883.82
-17240.24
-17305.06
-17639.24
-17178.42
-16780.3
-16499.28
-17631.32
-19135.36
-16762.34
-16962.28
-16316.28
-16943.46
-16808.32
-18209.54
-17287.76
-18121.82
-18216.66
-17476.62
-18634.64
-16725.34
-17844.34
-17280.46
-19104.32
-16598.2
-17523.1
-17642.52
-18329.74
-17461.12
-16214.42
-18458.0
-17745.28
-16312.52
-18069.12
-17329.18
-17908.38
-17318.5
-17948.68
-17035.78
-16909.54
-16668.86
-17766.12
-16588.5
-17266.8
-17764.14
-17108.66
-18206.5
-17472.78
-18772.14
-19183.34
-20075.2
-17831.9
-19974.44
-19229.04
-19219.7
-18374.02
-19579.46
-17273.46
-18562.54
-17826.86
-17886.94
-17493.94
-17097.82
-16777.54
-18790.24
-16879.82
-20365.0
-18617.24
-16603.38
-17650.28
-15605.94
-16626.4
-18680.04
-17922.34
-18485.74
-17238.74
-17428.24
-16167.3
-17009.68
-17536.46
-15662.9
-17188.36
-17800.9
-18664.18
-17562.24
-17988.24
-19032.46
-21406.56
-18919.7
-19842.16
-18810.14
-19022.46
-19602.94
-19022.52
-20684.56
-20489.9
-18431.0
-18484.9
-17928.96
-17486.92
-16896.36
-17941.76
-16835.9
-17228.34
-18382.96
-18965.48
-20032.42
-21569.16
-19020.16
-18798.16
-17741.08
-17812.48
-17753.46
-18488.76
-16977.2
-17764.5
-16784.6
-17064.84
-16399.84
-17130.44
-16939.54
-17562.3
-18540.94
-17635.56
-18670.46
-18997.62
-17028.52
-18427.26
-17788.2
-17615.4
-18338.0
-18163.66
-18757.98
-17545.4
-19724.18
-17228.56
-18105.8
-16942.32
-18310.62
-17329.06
-17557.72
-17855.1
-16683.06
-21342.44
-22343.74
-19568.9
-17736.92
-19058.94
-18012.04
-19155.4
-19461.88
-17076.44
-16424.46
-16906.66
-16976.2
-18693.06
-35500.3
-20727.32
-22028.42
-18424.52
-18565.14
-17714.94
-17212.36
-18288.06
-18765.08
-21045.3
-18033.78
-21354.22
-19010.78
-19098.88
-18392.44
-17464.6
-16576.04
-16653.2
-18195.74
-17454.36
-17233.6
-16972.58
-18293.82
-17042.8
-17410.32
-17221.78
-18769.54
-17876.5
-17514.58
-17710.24
-17087.98
-17463.64
-17612.64
-16742.2
-16739.94
-17000.84
-17305.48
-17302.6
-16565.96
-17988.98
-17985.68
-18653.28
-18470.82
-18899.7
-17448.44
-18401.62
-18043.7
-17532.26
-18022.1
-19394.0
-18661.18
-19387.22
-23125.2
-20603.64
-18414.66
-19004.0
-18910.38
-18976.9
-17297.54
-17673.26
-16937.6
-18921.78
-17215.08
-20309.96
-18068.7
-17222.74
-20268.8
-21404.38
-19482.28
-19908.44
-17901.4
-20667.08
-19813.42
-18048.74
-19020.26
-21744.86
-22696.86
-22722.1
-24830.68
-21455.96
-24874.66
-20240.34
-17314.36
-18008.26
-19450.82
-20353.62
-19196.82
-21741.12
-22508.62
-33030.64
-31796.42
-23726.46
-23374.0
-25520.2
-24294.68
-20167.22
-24269.12
-23304.4
-23720.34
-24288.42
-28748.18
-26407.72
-26930.0
-19413.1
-20291.38
-21920.56
-26705.94
-29823.16
-39043.94
-32447.8
-30793.78
-20849.1
-20191.42
-18015.98
-19613.38
-20718.06
-25244.68
-18370.06
-20600.48
-25074.34
-17991.66
-18314.52
-16684.34
-17459.38
-16307.58
-18148.38
-23578.54
-25886.62
-20336.32
-22317.6
-20885.38
-20594.52
-17746.72
-20726.68
-32144.86
-26590.22
-30722.62
-18734.72
-19031.04
-20262.0
-23010.66
-20224.34
-20274.04
-20326.22
-35304.4
-20995.9
-35954.4
-20234.98
-33130.64
-19957.68
-19344.58
-20566.66
-20699.96
-37123.48
-56335.66
-41679.26
-29878.28
-23129.48
-19179.32
-23832.12
-20724.5
-17511.7
-18709.36
-17654.4
-22004.6
-22999.84
-18510.44
-19636.92
-26609.96
-23406.6
-17455.42
-17534.58
-18344.44
-17641.6
-19258.22
-18866.86
-19733.52
-21060.56
-19515.94
-23150.52
-21256.66
-21757.16
-20771.5
-19334.58
-17991.92
-20935.76
-19671.9
-23929.64
-18667.2
-22918.6
-18196.7
-20213.1
-18307.38
-17695.68
-21116.02
-20495.6
-22854.36
-21879.3
-26006.88
-19724.98
-19084.2
-18932.66
-19289.18
-20914.96
-22361.3
-18423.6
-18856.8
-20267.24
-20297.06
-24477.08
-19044.42
-20877.9
-19976.4
-23100.68
-21689.3
-19619.36
-19111.46
-18487.78
-18994.22
-18720.22
-18941.6
-18133.96
-17409.62
-17585.02
-17297.28
-17036.74
-17588.04
-17459.54
-18060.9
-17999.3
-17616.94
-17822.74
-16958.82
-17940.96
-18946.64
-22350.72
-19610.64
-17616.5
-17192.8
-19439.6
-18903.4
-18778.34
-21328.42
-21444.98
-21751.58
-18686.56
-23928.24
-40409.34
-37270.4
-25251.68
-20475.5
-21102.7
-19030.9
-20122.72
-18914.08
-19452.78
-19428.26
-18038.16
-19015.46
-16261.92
-19838.14
-18225.0
-17752.06
-19527.46
-17012.16
-18352.64
-19787.96
-22129.1
-22378.56
-18044.7
-21719.16
-19559.54
-23026.54
-31586.4
-30544.68
-22460.54
-28984.38
-18627.94
-19056.78
-18456.48
-21816.06
-25260.62
-20522.96
-19925.08
-19783.32
-18578.72
-21198.62
-23060.54
-19149.1
-18521.32
-19539.9
-22564.48
-18963.24
-19105.42
-17906.1
-19803.12
-18078.0
-19587.88
-17925.22
-18122.12
-18687.52
-17855.6
-18653.76
-19864.54
-19945.84
-17949.68
-20455.06
-18579.44
-18101.5
-19232.74
-17907.3
-17144.94
-19933.24
-19459.26
-20376.42
-18446.46
-19042.3
-19268.94
-18504.32
-18310.94
-18956.12
-18481.56
-18186.6
-18610.3
-17943.34
-17907.44
-18739.84
-17980.34
-18552.26
-18331.44
-18512.1
-23696.18
-23864.38
-20325.92
-19827.16
-19566.64
-20167.78
-19816.02
-17567.74
-18688.98
-18798.36
-18270.96
-17579.72
-18647.74
-18449.54
-26992.52
-41051.5
-53115.66
-36241.84
-54815.36
-52886.58
-37870.38
-36703.08
-26814.5
-23642.52
-21210.22
-19116.96
-20298.7
-17843.88
-18790.4
-23177.82
-22115.46
-18347.3
-38045.72
-36497.62
-27931.62
-19923.64
-20783.28
-20677.74
-23453.18
-19610.14
-25175.26
-37111.26
-30556.16
-50996.2
-41331.52
-20289.24
-32996.8
-21650.9
-26482.82
-20127.44
-21377.22
-18911.32
-18540.64
-20965.9
-18122.34
-18462.5
-20882.72
-18909.58
-19670.9
-19843.24
-17248.04
-18117.12
-19733.32
-19699.18
-19642.28
-18769.02
-19016.5
-19812.28
-20484.12
-23102.54
-21122.44
-31482.04
-28789.62
-20444.94
-19221.74
-20942.66
-18354.3
-18946.06
-20110.84
-20158.72
-20553.56
-26310.12
-24181.24
-17618.52
-18760.2
-19250.5
-19187.36
-18110.38
-20303.16
-20027.9
-17939.5
-22001.26
-25432.48
-18781.84
-19415.74
-17113.1
-17531.94
-17713.24
-19388.04
-20507.74
-18619.96
-18494.0
-18824.22
-17830.08
-19126.86
-18512.1
-19019.94
-20390.12
-18203.14
-18590.94
-19181.2
-18347.02
-22512.88
-19608.78
-19216.7
-18525.26
-27075.68
-22016.1
-28080.44
-30437.28
-21398.7
-20033.06
-28301.36
-20884.08
-29748.68
-25720.08
-26737.48
-28518.52
-42925.06
-40689.78
-20289.4
-30128.06
-21549.04
-20215.32
-18788.46
-20872.0
-18998.8
-22409.14
-22931.42
-18997.48
-19787.82
-22773.96
-20527.76
-29800.44
-21809.82
-19662.46
-23797.12
-18697.52
-21178.36
-24252.2
-22086.22
-21949.54
-19821.1
-21349.2
-21992.88
-21642.7
-22815.62
-19164.04
-19802.16
-20695.36
-20836.82
-19779.44
-18851.52
-20965.94
-19624.8
-19648.14
-19017.5
-18096.54
-17646.7
-18733.74
-19076.5
-20444.0
-19522.76
-19136.1
-18951.1
-37016.52
-34399.4
-19769.7
-20931.46
-41285.5
-27612.14
-19576.18
-23396.86
-32602.52
-30060.4
-29472.96
-22177.12
-22918.1
-26464.34
-22382.76
-28406.62
-21291.32
-19483.98
-21062.42
-18716.4
-17887.86
-22465.74
-20639.16
-19187.0
-20587.94
-21187.1
-20590.34
-22520.02
-23884.42
-21269.06
-23512.32
-20729.8
-20491.5
-21285.56
-20543.3
-20021.26
-20837.08
-17931.36
-18112.04
-19066.84
-19922.66
-20180.96
-18750.1
-21052.4
-20931.66
-21888.44
-20088.2
-20286.46
-19256.94
-18827.42
-18382.08
-19322.24
-18682.14
-17859.12
-17180.36
-16939.4
-17939.7
-19769.06
-18859.54
-19959.18
-19234.54
-19054.18
-19675.36
-19102.88
-18011.72
-19591.56
-17904.2
-19535.86
-17725.74
-18725.1
-18384.24
-17302.5
-19114.42
-18987.48
-17704.22
-18066.76
-18309.44
-17796.2
-17767.56
-17527.34
-18257.88
-17795.14
-18728.18
-19104.2
-18092.9
-23095.72
-20303.76
-20414.86
-20627.12
-20377.32
-18915.5
-18571.66
-18680.38
-16966.48
-19031.02
-17343.12
-21622.24
-18062.84
-18440.4
-19134.68
-19623.56
-19288.48
-18357.94
-18988.5
-19319.3
-18746.66
-18606.28
-17321.02
-19199.86
-17914.86
-18434.08
-17780.78
-16846.22
-18678.46
-18994.72
-18719.0
-19187.04
-19662.96
-19073.44
-18640.4
-18132.94
-18097.8
-19967.82
-18876.1
-18814.56
-19007.28
-19012.74
-18265.66
-18853.22
-19090.9
-19689.14
-18457.52
-18579.66
-19252.94
-19236.12
-18900.1
-18478.42
-18383.44
-20046.46
-18187.86
-19518.84
-19331.3
-18757.48
-18828.64
-18461.48
-19246.62
-18849.34
-19069.04
-19036.32
-18341.56
-19447.98
-19144.74
-17614.52
-19938.28
-17875.32
-21254.34
-20774.06
-20093.68
-18982.68
-19341.8
-18384.2
-20235.5
-17661.98
-18144.74
-19095.58
-19001.26
-18538.14
-18842.14
-18620.26
-19042.16
-19661.7
-19263.62
-18205.7
-19910.02
-18296.1
-18165.96
-18807.12
-18375.54
-19357.44
-21037.26
-21110.42
-19623.96
-19485.46
-18196.28
-23005.44
-27142.8
-21938.14
-21902.3
-20256.58
-21505.26
-23579.98
-24337.66
-20810.14
-20216.44
-18681.62
-18280.42
-17823.0
-18655.3
-19619.68
-19332.04
-18480.0
-20187.02
-20669.74
-18922.12
-20700.0
-21083.4
-18865.2
-21018.2
-18537.88
-19521.04
-19846.44
-20375.78
-19713.9
-21005.14
-22015.3
-25920.68
-26662.96
-30584.26
-41747.16
-29456.6
-36094.8
-27312.9
-20905.14
-21312.06
-20654.04
-21821.92
-20157.62
-20046.28
-21674.6
-21240.8
-26201.64
-23625.42
-20107.54
-21590.16
-27751.6
-29001.32
-21316.98
-20418.46
-20602.88
-20830.0
-20753.6
-20919.26
-21547.86
-24318.04
-23515.58
-23561.32
-22775.08
-20070.5
-18828.6
-20845.1
-19548.92
-20296.72
-18096.56
-20997.42
-18794.28
-18417.7
-19429.04
-19650.86
-24244.72
-29475.2
-23022.64
-23432.2
-23351.0
-26809.7
-19865.0
-23408.56
-23765.34
-20904.3
-20737.2
-20788.9
-20726.98
-20831.28
-20256.3
-19521.18
-19944.64
-19715.78
-18283.98
-19301.46
-18521.38
-18055.9
-17443.48
-18766.96
-18065.6
-19371.96
-20426.22
-20949.44
-19017.76
-22393.4
-19738.52
-19283.66
-19827.72
-19416.04
-18775.6
-19228.36
-19663.68
-18686.22
-18786.54
-21064.14
-20631.44
-18551.54
-19997.2
-18288.86
-18027.4
-19000.12
-21155.5
-19358.5
-19459.14
-20753.34
-21955.24
-23937.24
-26613.48
-21683.5
-20197.8
-20566.98
-21194.68
-20142.64
-19163.48
-18654.18
-20732.04
-20762.66
-25379.0
-19492.24
-29126.38
-18819.14
-17648.86
-23598.5
-19055.46
-23109.04
-19007.84
-20086.22
-19701.5
-19523.36
-25957.9
-18842.88
-17675.1
-18129.3
-18518.94
-21660.92
-20128.46
-21425.96
-19055.5
-19480.26
-19403.24
-19114.84
-18421.52
-17992.58
-19272.76
-20578.38
-20079.04
-22281.22
-20171.24
-23661.18
-23077.6
-22919.72
-26281.84
-22321.84
-21821.1
-21578.22
-21366.02
-20651.92
-21273.96
-22020.54
-22198.88
-20309.84
-20071.3
-21460.06
-22782.42
-21628.7
-21841.96
-20935.22
-20453.62
-20968.12
-22031.88
-21880.38
-21924.26
-20731.08
-20183.06
-18628.18
-20914.4
-19148.06
-17607.66
-19232.46
-18436.42
-18541.3
-18824.44
-19529.0
-19698.62
-19950.34
-18915.1
-19289.5
-17250.38
-19579.82
-19446.82
-19027.62
-20491.76
-19521.9
-19850.6
-19210.82
-19497.18
-19192.3
-19894.64
-20388.74
-21731.9
-21947.54
-23174.4
-23089.84
-22339.18
-23831.98
-22194.0
-20671.48
-18655.36
-19519.32
-20131.92
-20365.04
-23161.24
-33335.04
-40947.74
-21427.88
-28746.62
-25235.6
-25426.92
-21027.06
-29538.94
-30738.28
-32817.5
-20731.58
-18787.8
-20359.68
-27958.02
-20434.68
-19210.82
-18717.16
-17507.2
-19734.46
-18769.86
-18196.94
-18348.32
-18606.92
-26423.64
-38784.18
-37739.66
-20173.64
-18474.86
-19061.04
-20546.26
-22026.66
-22736.08
-23985.62
-20060.62
-19065.6
-20417.34
-19456.28
-20211.72
-20069.06
-19218.12
-18489.98
-19960.32
-19700.82
-18377.36
-19323.34
-17971.6
-17506.2
-18586.86
-18215.42
-21364.62
-24383.38
-19033.52
-18289.28
-17896.7
-18288.86
-18213.0
-18142.2
-18927.22
-17608.48
-18457.06
-18914.58
-18077.04
-18946.0
-18384.38
-18765.76
-17603.02
-19092.28
-19688.68
-18026.32
-17564.76
-17250.02
-17346.1
-17613.36
-17745.98
-18376.82
-18780.5
-18897.82
-18968.74
-19074.4
-18724.84
-18786.66
-18731.74
-18392.4
-18437.82
-19691.88
-20546.2
-18455.04
-20047.94
-19193.96
-19488.72
-18900.26
-21130.36
-18695.16
-18441.2
-19791.6
-19589.62
-18187.84
-19959.0
-19690.68
-19963.62
-19478.42
-19837.74
-19636.86
-20446.5
-19017.86
-19349.96
-20489.48
-19649.98
-19090.02
-19003.58
-20749.8
-20118.86
-17972.7
-19837.92
-19585.52
-20020.42
-18069.92
-18143.46
-18111.2
-19302.72
-19987.62
-18157.98
-18578.34
-18376.68
-19685.36
-23261.34
-20576.06
-21881.8
-18551.38
-18383.6
-20034.66
-21511.68
-25968.32
-28258.46
-27772.5
-20025.22
-20681.46
-20651.76
-20362.16
-21576.48
-19841.06
-19735.06
-20466.66
-18985.88
-19138.24
-18149.54
-18112.68
-18503.76
-17641.54
-16509.72
-17981.44
-19648.38
-17472.32
-18435.72
-18423.66
-18219.12
-16926.4
-17212.88
-17533.34
-18071.36
-18039.22
-17726.32
-17952.72
-19652.64
-18810.68
-16556.68
-17056.34
-16756.18
-16493.0
-16999.38
-17589.02
-18448.04
-17633.92
-19178.24
-19100.4
-18187.5
-17296.04
-18557.48
-18371.36
-18626.68
-19265.56
-39745.1
-27350.8
-35830.74
-22618.56
-17838.74
-16908.92
-16615.3
-18495.22
-17441.02
-16087.38
-18215.84
-17346.6
-17602.24
-17579.86
-18238.74
-17437.4
-18897.3
-16494.74
-18228.08
-18626.16
-17069.54
-17990.92
-16976.3
-18266.42
-16597.32
-17483.52
-18926.06
-18019.18
-18268.06
-17954.36
-18912.46
-17657.38
-16942.74
-16065.32
-17008.14
-16213.0
-18565.76
-16881.24
-18470.86
-19255.8
-19030.62
-21231.24
-19048.58
-19424.22
-18993.6
-17767.82
-17248.4
-18082.72
-18203.08
-17491.88
-18429.32
-18129.42
-18649.86
-17678.4
-18636.72
-19420.98
-18899.6
-18320.32
-18253.72
-18398.18
-32836.44
-22414.24
-16957.7
-17811.12
-17433.68
-17612.1
-16991.48
-17751.16
-18150.82
-18275.04
-17587.82
-18677.82
-18842.12
-18238.28
-17553.4
-19298.58
-16507.34
-17707.24
-17860.08
-17278.7
-17485.7
-17177.56
-17105.98
-18686.44
-17600.6
-18554.72
-17643.02
-18010.32
-17514.5
-17835.38
-16868.76
-19100.82
-18462.4
-18834.48
-17848.02
-21645.46
-27991.62
-26599.56
-21792.32
-21023.6
-18950.98
-19222.94
-19280.7
-18903.98
-19891.14
-19351.6
-18738.56
-19922.96
-21372.38
-21040.52
-19525.8
-19781.0
-22488.9
-20758.36
-21100.68
-19936.46
-19714.44
-20922.44
-21814.32
-19903.46
-19503.58
-19901.38
-20053.06
-18605.92
-18968.5
-20364.72
-20008.8
-18646.94
-20128.72
-19086.98
-18303.08
-19248.42
-19421.96
-18300.64
-18520.22
-18434.64
-18588.72
-19252.32
-19315.3
-17804.32
-18264.58
-20950.62
-17635.78
-18830.2
-17992.5
-18089.04
-16468.1
-17440.98
-18433.4
-19570.76
-19858.92
-19289.74
-26097.42
-25503.22
-21777.6
-18458.4
-17984.86
-19817.02
-24529.92
-21001.28
-19300.22
-18686.66
-17980.42
-18337.74
-19615.4
-18419.76
-19687.22
-19388.14
-20558.42
-21741.14
-22504.4
-22135.94
-19353.78
-26367.2
-30869.62
-26240.12
-25172.58
-27429.34
-27033.38
-28787.16
-23500.58
-25410.14
-19717.16
-18433.1
-21140.84
-18150.4
-21395.68
-22752.62
-19728.46
-19380.58
-19789.62
-18926.44
-17846.7
-19602.4
-18375.8
-17448.46
-19177.36
-19845.6
-18646.2
-24526.28
-23458.68
-20906.52
-16852.12
-17778.36
-17419.36
-19680.08
-19706.5
-18085.52
-18395.3
-18250.18
-18888.24
-20309.2
-20468.74
-18075.42
-18153.86
-22255.98
-22994.2
-40670.26
-19786.58
-18974.2
-18559.62
-19634.3
-20561.96
-24110.82
-34896.36
-30706.08
-33669.6
-18838.66
-19217.58
-20408.88
-21412.94
-23161.04
-18528.64
-19156.0
-19104.28
-18044.42
-20042.6
-18841.48
-19530.2
-18070.82
-18342.62
-19383.82
-19175.6
-18581.92
-17447.36
-17456.06
-17279.24
-17209.36
-17067.04
-18652.96
-18623.26
-17230.54
-18293.98
-18219.78
-19112.94
-17785.42
-16655.76
-18431.62
-18717.06
-18136.66
-17972.5
-17932.28
-18853.76
-19343.22
-19053.34
-19088.14
-17443.26
-18081.34
-17898.48
-18141.32
-17535.38
-17702.06
-18071.66
-17776.62
-17747.88
-18197.76
-18100.06
-17526.06
-18188.54
-16473.98
-17407.74
-16295.1
-18388.76
-18127.5
-19184.68
-19043.48
-17082.74
-17646.92
-18638.84
-18153.42
-18068.24
-17045.4
-18161.06
-17999.44
-18349.48
-19313.56
-18300.14
-17583.24
-16989.6
-16175.02
-16193.48
-17166.24
-16149.12
-16311.68
-17080.2
-16678.66
-16710.66
-18739.4
-17361.32
-17239.58
-18064.32
-18414.52
-17855.04
-18666.56
-19013.4
-18657.74
-20943.3
-18580.34
-17257.4
-18067.02
-17485.72
-16935.2
-18420.7
-20874.48
-28434.8
-20876.9
-20245.06
-18133.9
-18124.46
-17761.14
-19333.74
-18471.52
-20669.32
-16570.46
-17602.16
-19133.6
-18754.38
-17302.72
-17034.84
-17299.72
-16656.0
-16820.62
-16940.56
-17518.98
-16860.08
-16662.46
-17734.78
-17853.9
-17738.54
-17129.8
-17114.58
-17469.66
-16210.42
-16172.34
-17835.92
-18578.56
-16841.5
-15912.66
-17475.68
-16986.7
-18021.24
-16905.72
-16408.22
-17688.5
-17696.64
-17114.58
-17311.26
-18609.66
-17424.28
-17665.5
-18011.12
-24449.4
-21042.98
-19372.66
-17142.4
-17370.58
-16523.14
-16300.3
-16806.04
-17181.76
-16401.9
-15953.1
-16793.82
-16631.76
-17351.24
-17698.1
-16551.12
-16605.74
-17136.78
-17088.0
-17795.82
-17300.4
-18588.64
-18368.82
-19374.8
-18878.88
-20314.52
-21011.16
-18535.2
-20969.24
-19311.02
-21908.84
-20415.2
-19969.7
-16915.98
-18157.12
-17968.76
-18087.8
-18452.7
-18638.18
-19127.08
-18543.28
-17563.72
-18480.38
-18021.72
-18616.9
-17444.48
-18100.32
-19512.26
-29235.5
-19710.74
-16365.4
-18102.78
-17083.5
-23272.86
-18277.84
-33381.2
-19361.4
-18231.08
-18539.36
-17064.94
-18006.04
-19353.22
-17744.14
-18019.38
-18249.68
-17943.0
-17908.66
-17472.62
-17533.92
-17819.72
-18098.0
-19050.06
-17478.36
-17050.5
-17673.96
-17889.56
-16685.22
-17860.92
-22033.4
-19610.62
-18584.46
-16286.76
-18076.82
-18686.2
-17425.42
-17800.36
-17628.6
-16554.42
-16895.32
-16456.82
-16575.8
-17978.16
-17204.0
-18349.72
-18093.0
-16205.44
-16610.52
-17929.8
-17640.34
-17156.82
-17278.3
-16513.26
-18053.8
-16981.32
-17559.98
-18879.36
-17950.22
-17767.68
-19718.66
-19287.82
-17552.22
-21010.9
-18451.2
-15768.64
-16840.38
-19186.48
-18422.3
-17434.8
-17035.58
-19269.48
-17882.76
-16734.98
-32723.66
-17888.18
-22335.4
-23237.14
-24141.82
-18502.92
-17750.48
-17580.92
-25416.22
-18245.56
-17389.3
-19719.64
-18093.72
-15842.3
-18289.3
-18362.74
-19336.58
-18518.38
-18235.8
-20720.82
-15919.12
-17655.24
-18138.36
-16028.94
-16662.8
-17510.8
-18498.52
-16768.54
-21519.82
-18416.74
-16906.28
-18076.64
-17754.74
-17318.0
-17386.0
-18270.66
-18757.34
-16814.04
-18330.88
-16612.16
-17441.32
-18108.8
-17730.02
-17715.28
-18893.2
-17427.64
-18351.1
-17305.2
-16173.08
-18289.42
-16291.4
-17484.7
-17618.9
-16953.66
-18290.8
-18012.52
-18121.58
-16796.24
-17298.72
-16689.1
-16603.48
-16308.84
-16397.38
-16851.94
-15826.82
-17312.72
-17211.82
-16891.92
-19008.94
-17025.18
-17337.94
-16204.84
-16930.6
-16445.08
-17947.58
-17645.64
-16015.44
-16809.44
-17207.5
-16417.5
-17242.26
-16993.14
-22070.36
-15994.48
-19209.98
-20222.9
-23470.36
-23917.48
-20480.22
-19341.12
-18929.68
-19215.74
-17140.96
-17405.24
-15803.5
-16476.04
-15967.86
-15810.84
-16153.18
-16340.0
-16487.18
-16882.76
-16603.46
-16942.4
-16359.92
-18936.06
-24116.74
-17709.7
-17973.06
-18404.62
-16827.72
-17887.36
-16286.46
-18307.58
-16607.98
-17894.44
-18086.36
-16709.42
-16878.6
-16662.72
-16786.12
-18298.96
-17253.88
-17488.32
-15873.44
-16992.62
-15944.34
-15861.2
-16688.8
-16114.42
-16389.42
-17559.92
-18189.9
-18286.48
-19768.78
-16971.54
-18340.52
-18079.6
-18242.06
-17008.2
-17926.76
-18431.22
-17000.66
-17556.48
-18910.04
-16220.84
-17795.24
-18766.48
-19329.62
-18819.88
-17929.06
-17490.86
-17860.88
-17852.26
-16830.6
-17887.7
-18462.5
-33609.32
-42006.94
-18697.16
-17543.0
-17093.96
-16058.06
-16805.92
-25295.42
-16938.12
-29146.02
-16832.24
-17916.72
-18014.84
-18214.64
-17378.66
-18267.32
-17835.64
-16576.2
-17691.92
-17713.62
-16830.48
-16692.64
-16145.0
-18936.9
-16749.46
-17120.78
-17969.06
-18256.12
-16962.24
-17177.86
-18018.46
-16431.86
-17659.14
-17300.72
-19227.34
-16276.84
-17742.98
-18837.48
-18688.86
-18600.5
-20190.16
-20084.86
-18958.34
-19901.22
-25776.52
-25019.52
-18783.78
-27182.3
-24392.18
-18750.44
-48502.26
-62444.68
-32860.08
-34186.94
-49352.8
-55957.8
-50103.52
-28473.62
-30042.64
-19459.78
-17421.12
-16555.12
-17449.82
-18468.9
-19937.06
-17875.46
-18869.98
-15874.22
-16020.26
-16495.74
-16846.02
-19787.62
-18489.7
-21509.14
-24291.9
-25932.08
-19605.06
-16539.26
-17535.32
-17441.74
-16675.3
-17318.78
-18128.98
-18921.52
-17880.9
-18451.02
-18744.86
-17879.18
-18912.46
-17742.44
-18827.64
-18966.72
-21669.84
-22522.54
-27761.36
-36601.46
-35064.58
-22533.12
-17873.32
-16917.0
-19128.18
-19289.24
-18910.72
-19993.7
-17276.44
-17266.1
-17643.44
-16710.24
-16997.6
-17350.16
-18385.92
-17253.58
-18591.5
-17680.32
-18250.86
-20376.72
-22543.22
-16846.16
-18742.44
-21951.64
-17504.52
-18255.98
-32428.56
-30555.36
-21778.28
-19922.38
-17461.54
-17630.54
-17334.42
-17566.52
-19218.78
-18769.52
-19213.8
-19268.0
-18890.72
-19244.52
-19459.92
-19436.72
-19466.06
-20105.92
-19394.68
-33580.66
-20828.46
-23571.04
-22370.5
-21125.56
-20050.7
-20736.62
-19707.12
-19355.32
-20068.76
-20162.0
-19289.28
-19222.28
-20080.26
-19088.08
-17875.38
-17569.66
-18381.68
-19257.48
-18428.32
-17601.68
-18586.98
-19545.62
-18639.32
-18126.78
-18350.24
-18481.6
-18630.58
-19080.12
-19248.2
-17783.42
-18592.08
-17669.82
-19546.76
-17799.3
-17786.38
-18476.58
-18292.16
-17711.18
-18647.9
-16932.0
-17731.7
-18807.98
-18208.66
-16995.96
-18229.64
-17820.82
-18572.24
-18129.02
-18051.74
-17672.58
-17745.34
-17927.08
-18042.74
-17752.28
-18385.7
-17410.78
-17630.82
-18506.52
-18928.74
-19197.38
-17843.8
-18653.4
-18132.34
-18194.94
-19077.22
-20075.0
-19100.02
-20211.8
-19788.04
-20500.48
-19014.56
-17991.34
-17869.06
-18333.6
-17675.98
-17586.9
-20584.16
-19973.98
-19346.54
-20345.72
-19913.16
-19830.34
-18551.72
-22056.38
-17900.04
-18153.46
-19842.72
-27250.0
-25510.4
-24093.04
-18432.52
-20715.14
-39238.16
-19170.7
-20426.1
-19331.14
-20569.82
-18536.74
-22034.78
-19413.18
-19597.4
-17775.46
-19083.26
-23673.12
-20424.74
-27442.04
-23570.06
-20451.3
-19594.98
-19261.12
-18480.06
-17769.86
-16685.1
-16945.48
-17535.82
-17605.24
-17034.62
-16655.8
-18716.88
-16667.66
-18929.78
-18659.32
-19720.52
-17468.0
-17926.4
-17626.12
-17658.22
-18573.74
-16931.2
-17383.42
-17565.92
-18402.82
-19117.6
-21094.7
-23620.66
-25365.66
-19713.48
-19471.54
-19470.7
-20000.2
-18261.02
-18401.8
-18611.1
-17692.62
-17657.34
-17871.02
-17521.62
-18926.94
-17000.96
-18920.94
-17894.14
-18601.8
-17338.86
-19714.38
-18211.08
-17788.34
-16806.98
-18461.06
-18605.4
-18717.16
-18610.18
-17548.42
-17826.8
-19182.46
-17139.5
-19979.08
-17888.12
-18483.62
-17767.24
-31468.1
-42426.14
-29321.6
-27050.72
-19215.92
-18324.16
-18061.62
-19359.18
-18608.16
-19182.28
-19298.76
-18212.12
-18462.8
-17979.16
-17601.84
-19332.44
-29462.42
-21852.9
-34701.48
-25078.14
-29782.08
-23853.3
-21149.02
-24960.92
-20189.02
-20038.18
-20472.86
-19869.12
-19155.34
-20549.24
-25409.06
-26342.96
-19022.06
-20237.48
-18799.94
-18155.16
-20380.14
-19113.42
-18138.56
-19341.72
-19584.6
-21491.5
-21130.88
-20499.14
-21112.06
-19852.74
-18935.04
-20007.08
-20072.36
-20728.2
-19911.9
-20243.32
-18980.72
-19215.0
-19892.86
-18824.08
-19939.74
-18658.3
-17894.58
-17552.56
-17982.54
-18878.42
-19021.4
-18397.54
-18354.02
-18990.36
-19050.56
-18358.74
-18978.68
-18377.84
-17793.52
-19158.18
-19363.56
-18298.36
-18573.78
-18377.3
-19339.98
-19106.9
-18600.76
-18625.1
-17681.7
-18789.1
-19581.62
-17247.48
-17898.14
-19016.68
-19538.32
-17913.86
-18966.82
-19312.88
-19972.2
-19302.1
-18947.24
-19212.3
-19259.02
-18621.06
-19054.24
-17860.14
-19684.3
-20088.5
-19241.26
-19608.32
-19916.72
-18824.52
-18616.98
-19415.7
-18002.32
-18662.82
-18894.0
-18495.42
-18606.5
-18398.46
-19006.06
-18587.58
-19326.2
-19064.0
-20791.62
-20725.54
-21064.1
-19813.76
-18290.52
-20327.26
-20335.62
-19388.12
-20080.68
-20870.78
-19458.84
-22907.0
-20252.42
-18290.54
-20361.46
-20237.58
-19299.18
-18824.36
-20032.1
-18228.88
-19203.56
-18895.6
-18659.24
-19037.72
-20205.54
-20620.0
-20210.84
-19467.68
-20457.8
-18358.46
-18612.2
-18166.22
-19021.28
-19163.68
-18864.2
-17971.38
-17845.78
-17710.2
-19203.64
-21856.6
-18902.44
-17879.28
-17612.12
-17615.84
-18130.6
-18944.06
-18873.42
-19592.78
-17988.38
-18148.6
-17949.72
-19166.68
-19604.96
-18640.72
-19039.0
-18937.28
-19059.72
-18255.14
-18313.18
-19503.08
-19343.66
-19534.44
-19167.22
-19419.48
-19212.44
-18905.36
-19528.36
-19299.1
-19290.82
-18277.18
-18581.26
-19478.34
-23540.02
-19631.96
-19008.32
-19327.82
-17631.02
-19764.34
-20864.34
-18978.1
-19636.14
-18981.46
-20141.72
-20834.24
-20192.28
-19552.2
-24860.38
-18722.44
-18402.28
-18155.8
-21643.38
-21181.46
-19844.56
-19620.72
-18699.62
-17831.3
-17195.6
-17663.06
-17912.32
-17656.14
-19004.64
-19933.0
-19188.7
-19854.4
-20632.86
-18845.42
-18781.64
-20923.86
-20855.48
-22247.68
-31832.3
-24360.96
-19732.58
-19790.02
-23456.42
-21419.82
-19881.18
-19318.36
-20959.04
-23487.6
-21414.66
-18791.92
-20994.78
-20485.54
-17766.12
-18249.74
-18023.04
-18801.12
-19615.42
-20172.94
-23690.26
-18437.24
-21914.9
-20926.3
-22417.92
-19494.06
-18371.16
-20049.46
-19872.44
-21850.68
-20271.3
-21442.62
-21221.58
-18720.48
-20563.0
-19199.6
-20465.18
-19265.82
-23254.54
-19816.14
-19070.72
-18663.44
-19986.0
-19615.58
-19084.2
-19318.02
-21632.14
-20010.76
-20202.86
-21141.76
-19764.06
-20406.54
-19758.36
-20337.96
-20063.46
-19325.42
-18931.06
-18673.92
-18085.36
-18589.2
-20153.92
-19386.92
-19957.28
-18783.5
-19015.94
-19398.52
-18260.6
-18875.3
-18845.54
-19873.52
-19387.6
-19472.46
-20322.62
-20919.98
-20184.74
-19694.36
-19405.7
-18064.32
-18643.64
-19279.48
-18762.0
-20039.04
-18463.6
-19162.68
-18223.08
-19607.06
-21272.2
-19767.66
-19325.28
-19368.54
-18788.92
-18732.08
-19320.02
-19933.76
-18950.58
-19137.12
-19225.56
-21070.28
-20295.98
-20200.38
-20207.34
-21482.34
-20155.08
-20357.24
-23919.92
-20697.66
-20448.44
-19438.44
-21016.82
-25787.5
-31763.18
-18862.62
-21086.9
-23608.76
-25770.72
-19898.66
-29070.14
-23777.5
-21707.4
-26363.9
-22389.68
-21530.6
-22788.36
-21642.62
-20414.7
-19944.1
-19568.94
-18150.52
-18865.88
-19422.74
-18323.96
-18933.58
-19334.72
-20655.94
-19375.54
-19745.4
-19068.5
-24480.74
-26439.16
-26132.72
-22203.24
-25058.22
-26867.46
-38650.86
-26678.7
-22267.54
-20432.9
-21048.22
-20262.74
-20012.4
-36409.8
-24624.54
-23726.66
-22940.44
-22343.96
-28208.9
-23384.04
-18898.38
-18596.96
-18175.4
-19276.2
-19785.98
-18468.92
-19328.04
-18558.16
-19750.4
-18475.38
-18737.8
-21105.18
-18330.28
-16976.06
-19195.82
-19039.46
-18968.14
-20212.82
-18223.78
-18661.3
-19876.18
-18883.96
-19637.64
-18343.4
-20932.66
-19788.1
-19644.0
-20097.28
-19815.98
-20482.64
-19975.44
-20701.36
-19273.62
-18589.7
-18765.06
-20669.98
-20477.7
-18635.68
-20690.16
-19874.56
-19556.8
-20011.26
-18877.72
-19572.84
-19196.68
-19077.98
-18962.58
-19506.3
-19090.84
-19909.86
-18890.32
-19363.2
-19758.64
-19203.82
-19013.62
-19563.86
-19833.68
-19228.54
-19313.12
-18997.64
-19157.02
-19210.8
-19911.46
-19771.84
-19585.24
-20906.78
-18473.46
-19735.16
-20152.42
-20687.8
-19399.04
-19425.24
-18372.92
-22558.52
-20413.6
-19464.68
-20470.08
-19145.52
-19164.34
-18733.88
-20704.34
-20775.2
-18962.84
-19300.38
-20890.62
-20067.82
-20466.54
-19464.16
-20092.64
-22783.98
-22710.08
-22907.06
-19824.1
-21832.12
-20025.7
-22045.06
-21848.1
-20023.42
-20713.14
-20541.62
-20933.6
-20823.46
-20172.48
-19735.78
-24481.2
-21031.22
-20472.7
-21191.62
-19807.84
-22441.02
-23089.4
-22029.08
-20733.6
-18638.94
-19694.88
-19524.0
-21269.18
-20333.02
-21682.08
-20062.48
-19345.22
-21048.9
-19311.18
-21234.28
-20890.42
-19717.62
-23535.62
-20095.22
-21128.14
-34590.72
-30719.78
-34320.68
-27815.1
-25620.54
-33853.82
-52811.62
-41166.74
-32820.14
-28330.36
-39493.1
-30928.1
-26420.78
-24752.9
-20648.12
-21795.16
-29573.02
-24918.3
-28918.56
-25205.76
-22182.18
-31506.22
-46799.06
-48728.2
-28672.5
-20319.86
-26195.54
-42539.36
-23030.38
-22027.14
-22055.96
-21579.74
-23113.14
-18944.04
-21297.56
-25278.24
-19061.74
-19067.12
-19639.66
-19766.26
-19369.86
-19405.88
-19579.32
-20077.98
-20154.06
-19974.2
-18024.78
-19197.82
-19977.88
-19461.66
-22012.38
-18981.02
-20279.3
-18521.82
-18314.52
-18200.0
-22090.16
-20056.86
-20683.06
-22284.94
-20423.82
-22388.84
-23726.62
-23630.62
-21426.38
-19663.66
-23624.64
-21678.86
-20169.44
-29340.1
-20930.38
-19718.46
-19710.54
-19214.92
-19213.5
-20217.84
-20558.38
-20024.04
-21068.36
-18676.24
-19987.28
-19925.0
-19837.54
-21430.52
-20566.52
-20395.06
-20736.46
-20524.52
-21129.9
-20650.56
-20407.14
-21048.46
-19925.88
-21260.02
-19823.4
-20028.92
-20035.22
-21396.48
-20653.08
-20490.64
-24249.28
-24625.44
-21748.9
-19951.08
-20127.48
-19187.74
-21730.4
-24424.88
-20807.82
-21390.96
-19931.06
-20277.54
-21853.8
-24252.8
-20726.56
-20370.28
-22108.42
-27267.58
-24356.44
-24077.02
-20103.04
-20652.1
-19123.86
-23147.66
-21789.18
-19992.9
-20766.56
-18275.76
-18996.28
-20234.02
-19708.16
-18421.56
-19780.98
-19139.4
-20339.68
-19733.5
-19365.44
-17799.84
-17706.06
-18948.66
-21066.18
-20355.02
