-23415.4
-20435.38
-22441.18
-22110.64
-22814.86
-25551.98
-22742.36
-19717.46
-20059.78
-16973.08
-18749.44
-17895.12
-17194.12
-16893.4
-17507.46
-19208.64
-16705.46
-16735.66
-16208.26
-15919.68
-15292.28
-17395.92
-15346.32
-14605.94
-15704.7
-15169.4
-14833.96
-15131.54
-14842.56
-15196.6
-15470.04
-16794.82
-14716.26
-15413.44
-15705.78
-14855.18
-15487.62
-16037.84
-15979.82
-14548.26
-15126.34
-15893.0
-15029.82
-15341.24
-15806.9
-15351.4
-15780.88
-16025.46
-14376.96
-15905.14
-15342.88
-15371.58
-15082.7
-14525.74
-15049.84
-14111.86
-15520.0
-14573.1
-15214.76
-13748.26
-14655.4
-14866.98
-14647.58
-15023.36
-16205.12
-16007.66
-15039.76
-14567.08
-15166.52
-15697.16
-14634.24
-15131.9
-15377.38
-15227.9
-14829.8
-14254.24
-15945.78
-16845.62
-15759.88
-15169.38
-14697.7
-15261.54
-14787.8
-14680.84
-14672.34
-14033.5
-14914.16
-14820.98
-15174.66
-15668.5
-15131.86
-15379.04
-15074.66
-14736.54
-13917.2
-14306.44
-14558.44
-15245.76
-16056.72
-14983.14
-15555.78
-14010.34
-15606.46
-15302.14
-15595.36
-15410.06
-14164.32
-15066.5
-15532.56
-14493.0
-16206.3
-14720.5
-15203.7
-15105.92
-14757.88
-14513.54
-14825.82
-13957.58
-13791.0
-15309.42
-14490.04
-15422.38
-15050.66
-15031.24
-14496.16
-14836.32
-14517.6
-14293.56
-15031.68
-14722.5
-14446.2
-14877.78
-15237.98
-14783.58
-16011.02
-14399.3
-14772.22
-14778.46
-15277.12
-14825.1
-13956.38
-15656.96
-15039.66
-14157.52
-15174.6
-15301.68
-15080.36
-14615.2
-13502.94
-15200.08
-15037.42
-14664.52
-14278.68
-15361.86
-15074.04
-15182.28
-15036.14
-15213.7
-15447.72
-14661.44
-14349.82
-14859.22
-13846.34
-13911.22
-15788.8
-14034.6
-15566.36
-15162.8
-14974.12
-15178.8
-14446.14
-14496.66
-15019.68
-14650.36
-14670.64
-14995.08
-14139.6
-14360.78
-14056.48
-13754.62
-14568.38
-15281.44
-14211.0
-15174.66
-15075.06
-15298.08
-14159.46
-14508.94
-15340.42
-14691.12
-14421.3
-14215.52
-14644.82
-15084.02
-13553.68
-14972.6
-15055.92
-14959.66
-14596.22
-15447.98
-15328.6
-13536.56
-14961.24
-15233.78
-13980.44
-14992.5
-14892.08
-14924.26
-15438.84
-14413.7
-13917.18
-14186.34
-14218.82
-14164.48
-16199.08
-14931.74
-14531.32
-14491.82
-15047.6
-15022.96
-16060.18
-13725.58
-14329.32
-13795.72
-14542.18
-14681.18
-15185.96
-14395.58
-14276.78
-15388.2
-15268.16
-15425.68
-14414.2
-15454.78
-14829.28
-14739.98
-15834.94
-14899.92
-14745.56
-14414.08
-14841.88
-14195.5
-14713.02
-15013.92
-14230.94
-14347.3
-14389.8
-14095.0
-15162.56
-14784.6
-13425.12
-15667.84
-14377.56
-15004.84
-14547.88
-14144.92
-15163.54
-15295.5
-14879.76
-14464.7
-15110.34
-14902.92
-14956.0
-14704.02
-14669.94
-14763.5
-15661.9
-15019.48
-15345.86
-14298.6
-14646.9
-14910.72
-14737.44
-15208.04
-14123.16
-14541.48
-14679.74
-14098.86
-13932.14
-13832.44
-15023.32
-14556.4
-15433.92
-14913.58
-14282.9
-14649.14
-14901.7
-14680.22
-15588.96
-15027.86
-14249.34
-14438.2
-14988.8
-15287.7
-14339.22
-15272.64
-14812.0
-14907.36
-15419.16
-14227.38
-15821.76
-15102.46
-14621.78
-14289.92
-13738.42
-14890.0
-15096.42
-14074.8
-14914.1
-13822.28
-15060.06
-15181.46
-14578.34
-13821.44
-14678.32
-14411.62
-13788.92
-14425.74
-14658.56
-14621.78
-14506.14
-15466.68
-14703.58
-15344.38
-14336.64
-14261.1
-14771.08
-14281.36
-15005.78
-14107.18
-13788.52
-14520.08
-14045.62
-14803.02
-14506.72
-13722.46
-14569.16
-14591.42
-15114.68
-15278.74
-14372.06
-14924.02
-14617.5
-14313.64
-14300.08
-14361.04
-15351.58
-14409.14
-15577.76
-14865.22
-15052.98
-15083.84
-15449.56
-14622.78
-15683.4
-15026.18
-15424.46
-14934.8
-16325.46
-15027.9
-15716.78
-14976.56
-15703.28
-15087.66
-15061.92
-14945.38
-15082.52
-14432.2
-14108.96
-15498.64
-14668.48
-14325.84
-14513.78
-14745.6
-15078.5
-14694.18
-14411.98
-14801.48
-15572.02
-14241.9
-15361.42
-14753.9
-15401.64
-14107.72
-15660.3
-15073.88
-15149.16
-15335.3
-14740.04
-14666.2
-14535.96
-14873.86
-13938.7
-15622.4
-15656.54
-15313.98
-15116.74
-14916.56
-15027.54
-15224.0
-14842.68
-15103.94
-15096.22
-15101.72
-15177.72
-14908.58
-15965.76
-15343.66
-14905.28
-15157.5
-16171.46
-15159.2
-17055.3
-15082.36
-14604.84
-14933.2
-15201.72
-14959.54
-15266.46
-15357.92
-14735.72
-15346.86
-14861.9
-15429.24
-14848.24
-14866.24
-14873.24
-14409.4
-14505.34
-15740.84
-15506.46
-14879.68
-15547.74
-15558.84
-15259.06
-14988.7
-15861.18
-14100.98
-14199.08
-14894.7
-14571.7
-15474.94
-15081.82
-14750.94
-14739.56
-15413.9
-15119.58
-15982.56
-15767.04
-15380.76
-16224.66
-15327.36
-15364.16
-15437.2
-15966.7
-14923.88
-14997.42
-15503.52
-15887.42
-15962.84
-15046.6
-15639.24
-14696.86
-14364.88
-16013.84
-14891.32
-14755.28
-14957.58
-15142.0
-14748.4
-15695.96
-15401.98
-15002.22
-15083.54
-14444.5
-15004.34
-15228.06
-14871.78
-15071.2
-15491.84
-15369.46
-15196.26
-15172.68
-15004.06
-16659.4
-15569.86
-15749.12
-15696.6
-14754.68
-16531.0
-15924.34
-14643.68
-15666.42
-15542.92
-15302.5
-15527.92
-15303.74
-15336.8
-15323.08
-15042.26
-16020.96
-15849.78
-15051.08
-15446.82
-16029.9
-16683.22
-15004.58
-15869.4
-15940.52
-15906.28
-16387.34
-15895.46
-16135.5
-15506.68
-15866.62
-15333.16
-15952.52
-16477.2
-15313.92
-14410.54
-15721.78
-15555.6
-16422.3
-15791.86
-14565.26
-16530.86
-15372.14
-17077.92
-15024.94
-17270.98
-16386.54
-16632.48
-17506.94
-17072.26
-15660.4
-16725.32
-16989.7
-16620.22
-16722.94
-15086.1
-15610.18
-14683.96
-16129.56
-14899.86
-15100.56
-15106.04
-14611.94
-15674.42
-14636.44
-14888.88
-15672.6
-16004.84
-15616.18
-15728.74
-15673.76
-15192.46
-15725.62
-15197.36
-16017.84
-15342.98
-15609.24
-15585.92
-15617.82
-15687.18
-14827.42
-14317.16
-15771.7
-16336.44
-14959.98
-15764.7
-14645.6
-15925.36
-16096.82
-16573.38
-16279.54
-14647.42
-14794.5
-15455.08
-15028.8
-15995.9
-15864.78
-14848.74
-15505.1
-15482.16
-15489.34
-15009.8
-14697.28
-16679.7
-16412.38
-15658.48
-15610.9
-16261.0
-15827.2
-15459.68
-16627.84
-16313.94
-15248.64
-15106.72
-14057.54
-15545.64
-15331.04
-16006.5
-16507.5
-15595.98
-14781.94
-16725.44
-15621.68
-15335.32
-15561.06
-14789.96
-16111.62
-14971.92
-14671.18
-15228.76
-15213.0
-15222.78
-16018.86
-15095.62
-14374.64
-15298.46
-15200.62
-15661.78
-14960.5
-14490.34
-14852.28
-15638.42
-14904.16
-14852.36
-14170.26
-15120.9
-15282.68
-15973.86
-15398.4
-14572.74
-14852.04
-14926.84
-16108.92
-14497.28
-15893.06
-15308.64
-15109.78
-14546.68
-14795.76
-14130.38
-15598.22
-15411.96
-15247.78
-15074.22
-14786.52
-15281.12
-14805.06
-15604.6
-15190.78
-14804.0
-15474.48
-15257.68
-15063.04
-15250.58
-14717.04
-14828.52
-14854.78
-15746.74
-15185.92
-14663.54
-14666.02
-14911.68
-14416.28
-14672.76
-13998.36
-14604.04
-15394.76
-14886.66
-15497.5
-14854.78
-15085.4
-14958.18
-14717.38
-14596.92
-14222.16
-14590.86
-15270.3
-14047.2
-14565.32
-14795.74
-15038.36
-14612.44
-14341.62
-15111.5
-14799.98
-14747.0
-15669.68
-15086.34
-14991.32
-13935.92
-14502.8
-15244.72
-14315.4
-15376.02
-15775.18
-15291.32
-14671.34
-16250.18
-14794.52
-15414.7
-15128.5
-15554.44
-14433.26
-15711.8
-15761.44
-14818.08
-15151.2
-15806.1
-15239.76
-14209.86
-14522.2
-14729.76
-15389.64
-15058.38
-15132.82
-14878.5
-15360.72
-14783.82
-14437.74
-14941.9
-14580.86
-15382.12
-14211.2
-14034.92
-14733.7
-14961.54
-15134.42
-14777.82
-14580.8
-14833.04
-15266.84
-14957.96
-15136.96
-15012.42
-14539.5
-15244.1
-15593.96
-15602.3
-15026.24
-14155.58
-16504.58
-14780.1
-14432.74
-14566.76
-14779.1
-15748.92
-15372.38
-13717.46
-14604.5
-14363.64
-15009.46
-15014.4
-15227.2
-15043.14
-15083.56
-14940.04
-14725.28
-14166.24
-14355.86
-15234.18
-15570.38
-14574.44
-14441.02
-15137.98
-14679.24
-15304.74
-14285.74
-13982.12
-14046.86
-15001.76
-15267.86
-14530.7
-14950.16
-14425.92
-15001.94
-14068.88
-14720.82
-14911.74
-13661.86
-14289.96
-14046.06
-14504.92
-15778.66
-15361.9
-15158.24
-14476.4
-15379.48
-14843.44
-15753.66
-15253.7
-15007.54
-14485.88
-14687.04
-14963.24
-15599.94
-15031.9
-14815.66
-16651.62
-16600.6
-16517.8
-14296.96
-14745.3
-14054.28
-15312.7
-15459.44
-14235.02
-15021.26
-15402.74
-14405.82
-15641.28
-14472.36
-14799.22
-14782.34
-15039.54
-14900.06
-14293.5
-14533.38
-13237.7
-15871.32
-15609.32
-14810.82
-15296.62
-14629.32
-15698.96
-15389.86
-15361.92
-15530.68
-15860.0
-15879.02
-14766.62
-15756.02
-14245.98
-14941.36
-15077.1
-15118.82
-14950.38
-16511.28
-15554.38
-14926.32
-15970.52
-15450.94
-15404.32
-15814.14
-14786.24
-15952.64
-15969.6
-15688.0
-16095.4
-15105.08
-16767.56
-15077.22
-15042.84
-16042.34
-15277.76
-15171.14
-14988.04
-16115.7
-15452.34
-14959.54
-13946.06
-14583.3
-14754.26
-14864.7
-14063.46
-15151.78
-14934.66
-14399.74
-15252.66
-15089.48
-15245.48
-15764.42
-14024.96
-15005.66
-14353.2
-14127.72
-14870.02
-14128.06
-14809.24
-14390.82
-14955.32
-14410.84
-14250.08
-15256.72
-14009.78
-15399.24
-15581.8
-13674.18
-15176.08
-14537.66
-14993.02
-14172.02
-16050.46
-14544.2
-14404.08
-13343.12
-14910.24
-14508.14
-14802.44
-15234.14
-13795.74
-14797.22
-14564.38
-15949.16
-15084.62
-14953.3
-15859.42
-15236.92
-15116.48
-15099.84
-15495.18
-15320.92
-15027.46
-15863.74
-15551.34
-15082.26
-15091.0
-14698.68
-14551.92
-15119.3
-14865.88
-14189.36
-14671.3
-14896.82
-15078.78
-15125.72
-14225.72
-14120.48
-14539.3
-15319.26
-14919.5
-15541.38
-15601.24
-14267.78
-14554.66
-14190.82
-14700.8
-15245.44
-14361.18
-15039.4
-14737.86
-14742.56
-14412.66
-14798.02
-14647.88
-14211.36
-14658.6
-16345.42
-14330.38
-16425.88
-15294.28
-14950.46
-15695.54
-14772.74
-14880.2
-15191.28
-14578.36
-14925.46
-15729.3
-15143.4
-14932.08
-15447.4
-15750.92
-14434.66
-14604.94
-14628.72
-14904.38
-15008.0
-14896.76
-15451.74
-14262.12
-15099.44
-15199.44
-15894.8
-14374.7
-14763.86
-15487.0
-14914.12
-15162.14
-14628.8
-15442.26
-15326.32
-14871.44
-15664.08
-14804.5
-15430.0
-15607.26
-14431.04
-15645.38
-15756.36
-15703.18
-15512.36
-15304.02
-15997.76
-14759.16
-15621.9
-15182.32
-14997.72
-15281.18
-15286.16
-15482.58
-15156.52
-14879.5
-15069.6
-15203.98
-15471.92
-15405.76
-14954.32
-15026.24
-15520.9
-15736.22
-16011.64
-14577.56
-15640.96
-15394.28
-15657.52
-15789.74
-15225.04
-15352.16
-14717.78
-15102.56
-15296.06
-14895.76
-14491.78
-14896.24
-15330.06
-15093.56
-14477.56
-15853.06
-14338.9
-14933.62
-15381.78
-14681.38
-15215.12
-15086.04
-14040.3
-14671.08
-14650.46
-14769.1
-14280.32
-14429.72
-14107.4
-15897.58
-15212.62
-14781.2
-14618.86
-16575.14
-15488.04
-15883.92
-16385.24
-15060.0
-16523.84
-15543.42
-16251.54
-16744.72
-14519.14
-15088.38
-15054.78
-15863.8
-14092.32
-13852.26
-16902.84
-16081.5
-16415.82
-16693.74
-16509.84
-16187.16
-16565.48
-16950.02
-16703.94
-16371.1
-16446.2
-17220.9
-14649.58
-14437.84
-15731.1
-15994.12
-14488.08
-15609.9
-14562.92
-14430.22
-14698.48
-15243.52
-15990.24
-16355.48
-15009.14
-14694.28
-15237.44
-15632.04
-15862.32
-15421.94
-15214.78
-15133.18
-15360.74
-15709.96
-14078.24
-14503.32
-14943.98
-15278.46
-15721.08
-14530.24
-14730.04
-15125.34
-15952.28
-16056.24
-14885.96
-15613.3
-15557.8
-14964.72
-15790.44
-15484.42
-15640.0
-16378.76
-14153.16
-14895.44
-15930.4
-15495.4
-14830.02
-14865.58
-14851.62
-14725.44
-14420.66
-14980.26
-15613.48
-14913.0
-14889.28
-15689.72
-15358.36
-15059.54
-15965.5
-15728.48
-16362.56
-15523.3
-15818.16
-15162.08
-15895.04
-16054.62
-14766.62
-15072.36
-16358.96
-15998.78
-14943.78
-14960.98
-15449.06
-15001.0
-15759.44
-13614.68
-15073.24
-15273.08
-14620.46
-15082.62
-15652.96
-15075.52
-14906.26
-16563.96
-15543.14
-14857.3
-15436.9
-15577.58
-15028.42
-15157.34
-14701.26
-14688.76
-15097.32
-15338.64
-15318.48
-15286.38
-14440.98
-15292.18
-14097.08
-15512.2
-14476.44
-15338.32
-15719.44
-15444.44
-14392.32
-15588.28
-15747.02
-15664.86
-15068.7
-14576.86
-14451.16
-14092.84
-14953.7
-15134.18
-15008.76
-14936.66
-14873.96
-14086.04
-14677.58
-15591.62
-15020.62
-14694.3
-15510.6
-15872.68
-15691.7
-14077.72
-14955.58
-14699.24
-15301.14
-15333.92
-14898.54
-14970.96
-14092.76
-14407.34
-15161.56
-14831.26
-15558.06
-15642.48
-15154.54
-14873.28
-14738.42
-14507.86
-14264.98
-14700.22
-14489.98
-14608.94
-15114.72
-14363.64
-16178.52
-16110.16
-14265.08
-14735.98
-15138.36
-15222.16
-14647.68
-15145.58
-15638.84
-14744.8
-14305.92
-15544.62
-15137.2
-13949.82
-14573.78
-15150.46
-15176.82
-15446.82
-14914.32
-14669.08
-14887.52
-15477.08
-14113.48
-14663.0
-14881.04
-16008.7
-15040.38
-14546.46
-14395.04
-15422.42
-15167.44
-15017.72
-14422.96
-14556.84
-15386.72
-15450.32
-15445.84
-15766.1
-14643.18
-14275.94
-14197.34
-14715.32
-14831.62
-14330.86
-14969.48
-14412.22
-15427.64
-14658.44
-14803.14
-14981.08
-14462.64
-14954.84
-15282.54
-15342.68
-14699.12
-15228.98
-15401.84
-15237.82
-15313.56
-15675.32
-14081.06
-15352.22
-15792.32
-15803.4
-15001.24
-15175.0
-15864.22
-14945.96
-16132.12
-15040.74
-15648.2
-15379.0
-16200.64
-14855.38
-14871.16
-15987.3
-16325.6
-15143.3
-14829.26
-14815.84
-15075.28
-15686.6
-15384.92
-15482.94
-15079.94
-14547.64
-15389.08
-15351.64
-15177.68
-14599.92
-15291.84
-15077.68
-15189.5
-14802.86
-15289.3
-15016.14
-15912.94
-14811.3
-15616.2
-16362.74
-14334.94
-15047.2
-14646.84
-14637.44
-15513.22
-15678.42
-15054.74
-16395.22
-16658.64
-16134.78
-15879.54
-15439.92
-15522.82
-16276.0
-15370.2
-14265.48
-15439.0
-15395.08
-15826.58
-15607.06
-15876.9
-15133.24
-15322.48
-14853.52
-14940.68
-15449.28
-15767.2
-16321.12
-15935.66
-15888.04
-15993.76
-16753.9
-16323.8
-14403.46
-17125.86
-16268.66
-15232.64
-16968.26
-15948.32
-16889.58
-14945.24
-15694.18
-16048.52
-15002.56
-16147.08
-17158.78
-15648.32
-16258.16
-16023.72
-16615.76
-16489.34
-16043.48
-16455.82
-15707.38
-15153.9
-16233.6
-16012.86
-15707.9
-14898.4
-15373.56
-15065.9
-15112.5
-14651.58
-14995.74
-14811.3
-14915.86
-14586.92
-14738.44
-15458.14
-14958.8
-14433.46
-14877.86
-15237.94
-15283.12
-15929.12
-15340.16
-15149.24
-14241.6
-14741.38
-14122.78
-14526.08
-13756.88
-15385.1
-14438.56
-15913.94
-14083.72
-14653.9
-14022.26
-15924.26
-15147.9
-15707.38
-16081.88
-15018.98
-15011.0
-14787.6
-15351.0
-14977.1
-15294.34
-15219.6
-15269.9
-14764.18
-15878.74
-15076.5
-16344.82
-15345.64
-15029.3
-15057.76
-14952.22
-14793.22
-14491.22
-15477.28
-14708.24
-15369.24
-14477.36
-14717.16
-14780.84
-15270.24
-14235.2
-15366.02
-14213.04
-16120.12
-15070.48
-14441.98
-15048.62
-15835.6
-14445.34
-14778.86
-15190.48
-13884.58
-14577.0
-15358.76
-14851.28
-15007.46
-15004.3
-15077.82
-15900.08
-15825.74
-15594.9
-15208.98
-15464.56
-14315.74
-14434.9
-15399.7
-14711.48
-14493.14
-14453.3
-14735.42
-15493.2
-15345.9
-14556.54
-14725.1
-14524.1
-15394.34
-15275.54
-15446.4
-14367.7
-14782.9
-15160.24
-14986.4
-14380.0
-14159.7
-15344.8
-15500.2
-14916.4
-15182.6
-15243.68
-14349.8
-14707.9
-15043.8
-15149.5
-14497.6
-14998.8
-14800.3
-14129.88
-15505.54
-15757.8
-15416.6
-15476.6
-15523.2
-14317.5
-15600.8
-16133.7
-15623.9
-15418.6
-14186.5
-14520.5
-14584.1
-15149.5
-14589.1
-14530.7
-14006.8
-15070.6
-14430.1
-15488.14
-14129.62
-14028.7
-13103.14
-14646.8
-15587.9
-15293.94
-14957.3
-14956.88
-15161.14
-15550.6
-14619.1
-14574.3
-14242.94
-14548.2
-14141.16
-13973.14
-15499.26
-14566.6
-15197.7
-15619.5
-15140.54
-14312.2
-14538.3
-15616.1
-13718.14
-14879.18
-14858.6
-14364.4
-15724.48
-14954.88
-14697.6
-14999.48
-16533.06
-15739.04
-14774.22
-16005.5
-15741.88
-14278.82
-16352.64
-14838.66
-15502.78
-15509.42
-14743.66
-15142.14
-15281.88
-14038.7
-14751.34
-14561.68
-15248.86
-15131.34
-14617.82
-14426.76
-15546.06
-15106.66
-14604.1
-16007.0
-15019.58
-16624.02
-17290.42
-17114.72
-15990.06
-16595.4
-15607.08
-16465.62
-15257.54
-16864.2
-16043.94
-15260.56
-15027.5
-14777.26
-16138.9
-13711.68
-16197.52
-15548.68
-14547.58
-15368.66
-15237.64
-14600.42
-17835.3
-15444.1
-16205.9
-16560.08
-15290.58
-16113.08
-16957.02
-14929.94
-15426.96
-15815.38
-15057.72
-15865.54
-15026.72
-15624.66
-15191.68
-15075.16
-14959.78
-15536.18
-18088.6
-17279.5
-15730.22
-16587.02
-16785.64
-16112.14
-15927.88
-16882.18
-15972.64
-14543.26
-17409.44
-15404.88
-15697.28
-15398.78
-16098.06
-16101.44
-14614.26
-14401.7
-15520.56
-16466.84
-16094.1
-14593.82
-16174.62
-16278.12
-15742.46
-15107.88
-15056.7
-16220.88
-16048.04
-15392.86
-15573.06
-15117.58
-16775.0
-16485.54
-15814.42
-16676.72
-16436.32
-16087.72
-17769.18
-15077.2
-18104.78
-18386.86
-18954.7
-18903.56
-17443.34
-17008.38
-19505.96
-18782.5
-17050.18
-17829.26
-16849.64
-15946.32
-16948.96
-15690.32
-15515.62
-15518.46
-15324.46
-15904.6
-17231.02
-16666.92
-15979.92
-14311.64
-16554.54
-16925.1
-17899.56
-17809.78
-15700.34
-18249.06
-15469.08
-16094.9
-17517.7
-16364.28
-14907.6
-15691.06
-16943.96
-16283.82
-16932.78
-15442.4
-15757.56
-14427.92
-14724.22
-15452.48
-14864.08
-14860.24
-14045.8
-14938.56
-14503.84
-15934.64
-14311.42
-15022.06
-15106.66
-15892.58
-15496.98
-15180.1
-15209.78
-15132.4
-14880.58
-14382.1
-15494.96
-15633.0
-15994.26
-13860.46
-14929.72
-15816.76
-15117.94
-14298.26
-15094.62
-14647.2
-14892.08
-15334.28
-14961.7
-14369.1
-14279.04
-14758.74
-15124.94
-14875.24
-14873.9
-14925.34
-14683.92
-15131.94
-15335.06
-14675.18
-14494.58
-14029.56
-15073.0
-14764.22
-15329.04
-15443.24
-15574.42
-15522.24
-14880.36
-14845.18
-15626.58
-14907.78
-14887.14
-15424.68
-14955.94
-15122.0
-14098.16
-14600.2
-15433.14
-14490.06
-13974.02
-14425.0
-14882.66
-14630.78
-15365.16
-15244.78
-14292.4
-14844.4
-14647.72
-14913.18
-15819.42
-14214.3
-14301.78
-14306.14
-15580.26
-15121.2
-15127.64
-14595.4
-14974.02
-14760.0
-14649.46
-14364.14
-14592.76
-14806.52
-15297.5
-14482.54
-15163.4
-14990.4
-15572.08
-15666.04
-14657.12
-14851.92
-14686.88
-14755.72
-13048.16
-15195.84
-14875.14
-14100.0
-15178.8
-14835.78
-15056.14
-14947.68
-14285.7
-14174.42
-14092.24
-15101.74
-15285.08
-14390.34
-15109.54
-14739.14
-15336.64
-13749.88
-14768.66
-15490.32
-14141.64
-15205.92
-14550.16
-14591.26
-14412.48
-15033.08
-14579.44
-15185.24
-14904.28
-15792.24
-14597.08
-14472.42
-14862.96
-15452.68
-14616.16
-13990.92
-14369.9
-14306.72
-16070.36
-13938.12
-14620.38
-14292.2
-14699.68
-16412.72
-14641.18
-14692.32
-15406.78
-16053.14
-14829.36
-14379.9
-14869.86
-15851.7
-15409.5
-14366.66
-15085.84
-14687.64
-14743.74
-14469.16
-14508.38
-14621.2
-14318.32
-15365.04
-14755.36
-14835.26
-14031.36
-14582.52
-14195.94
-15533.86
-15494.38
-15514.2
-15114.74
-15055.76
-15023.06
-14545.66
-15870.6
-15449.6
-15726.56
-16366.68
-15766.4
-15306.2
-14690.42
-15180.94
-14450.72
-13681.3
-13845.02
-15394.08
-13960.68
-16449.0
-17143.04
-17435.32
-17866.9
-15353.12
-14995.14
-14395.08
-15644.2
-14835.94
-15388.6
-15292.86
-16453.18
-15827.4
-15208.04
-14377.88
-15362.58
-15445.16
-16142.86
-15086.48
-16895.66
-16004.44
-15226.58
-16291.3
-14746.88
-15715.06
-15385.94
-15529.94
-15767.34
-15837.06
-16147.3
-15822.08
-15304.06
-15454.86
-15385.32
-14374.66
-15713.26
-17376.98
-15790.62
-15167.08
-15101.24
-16147.92
-15553.34
-15964.62
-14415.0
-16756.8
-15701.6
-15537.98
-15839.02
-15985.56
-15640.18
-14227.26
-16019.88
-15823.06
-15499.6
-16698.5
-15506.82
-15560.86
-18601.9
-14707.72
-16339.84
-15711.38
-16800.14
-16733.72
-17157.28
-16680.02
-18021.52
-16557.0
-16114.34
-17815.68
-18686.64
-17425.26
-16521.12
-15742.34
-15371.9
-14877.06
-15348.3
-16951.88
-15848.56
-15410.84
-17052.56
-16159.8
-16472.54
-17394.74
-16211.88
-16749.26
-16594.42
-16022.24
-15397.4
-16941.08
-15350.94
-16915.6
-16432.98
-17339.06
-18713.06
-17278.52
-17208.44
-16662.62
-15947.74
-15827.98
-16910.04
-15648.68
-16381.22
-17434.64
-16437.86
-17810.4
-16820.98
-16555.36
-16469.52
-17332.62
-16054.86
-15108.42
-15769.58
-17307.48
-16977.74
-15050.34
-15227.64
-17256.46
-16033.34
-16200.04
-17102.56
-15198.88
-15453.3
-17284.62
-15959.8
-17920.04
-16864.66
-16411.52
-15348.72
-16199.68
-14870.72
-14401.34
-15521.44
-15213.34
-16717.78
-15865.54
-16309.82
-17619.9
-15853.68
-16164.4
-17324.92
-16165.46
-16553.54
-15915.0
-15626.62
-16519.02
-15827.56
-16012.26
-15693.14
-16106.92
-15592.2
-15794.2
-15788.7
-18017.92
-16332.14
-16460.48
-15775.12
-15770.06
-16152.8
-15717.18
-15542.9
-15752.16
-14474.82
-15766.74
-14867.76
-15575.0
-15911.3
-15275.38
-15007.86
-14906.14
-14639.68
-15035.84
-14574.36
-15859.68
-15366.28
-13477.88
-15806.24
-15015.98
-14660.84
-15245.04
-15369.96
-15440.96
-15651.8
-14125.06
-14600.82
-15312.44
-15246.14
-14601.26
-15197.36
-14766.98
-14542.22
-14832.18
-15960.18
-14630.7
-15739.68
-14968.16
-14789.92
-15329.7
-16095.54
-15014.34
-14210.0
-14811.3
-14558.32
-15023.32
-15861.8
-14319.26
-15896.58
-15355.04
-14747.58
-15924.06
-15125.7
-15182.02
-15029.8
-15350.7
-15020.26
-14528.08
-14636.3
-15452.82
-15840.58
-14784.84
-15614.18
-14782.7
-15284.02
-15497.76
-14885.28
-15919.24
-15390.12
-15376.64
-15111.62
-15242.64
-15547.0
-15591.16
-15554.38
-15401.4
-14719.04
-15442.54
-15429.02
-15417.16
-14681.64
-15464.34
-14678.16
-15797.98
-14990.58
-14425.0
-15275.42
-14691.9
-14642.28
-16558.52
-15555.92
-15209.84
-15215.08
-15728.4
-16140.9
-15619.56
-15887.82
-15040.26
-15668.18
-15915.02
-15590.82
-16062.66
-15504.1
-15586.76
-14503.5
-14777.1
-14703.06
-16342.38
-14646.06
-15820.2
-15194.74
-16478.18
-15746.94
-15360.88
-15267.6
-15945.38
-15571.02
-15840.62
-14965.5
-16003.14
-16577.4
-15945.66
-16214.46
-15195.02
-16003.34
-15411.52
-15779.56
-14518.38
-15861.14
-15578.86
-14943.96
-15922.66
-15133.44
-15638.2
-15050.92
-16689.1
-16662.82
-17117.92
-15286.86
-15349.88
-17298.54
-15204.9
-17298.62
-15677.66
-15765.84
-14474.72
-15533.08
-16853.94
-16152.22
-15913.62
-18413.92
-17254.54
-17523.32
-21803.4
-16689.68
-16949.58
-17281.2
-16528.36
-17392.7
-18233.88
-17340.62
-17683.14
-15206.22
-15693.76
-16291.0
-15774.56
-15407.7
-15640.18
-15691.74
-16101.54
-15685.64
-17392.96
-15269.34
-15947.76
-15591.38
-14699.76
-15072.84
-16573.66
-15644.12
-15699.4
-15220.78
-15297.2
-16566.08
-15392.16
-15418.64
-16354.06
-15099.24
-15338.68
-14888.74
-16083.14
-15933.84
-15614.1
-16209.62
-16159.8
-15698.12
-15406.08
-16288.16
-16321.66
-14780.46
-15650.06
-15028.52
-16208.7
-15087.18
-15427.86
-15531.98
-15249.88
-15187.76
-15754.7
-15496.46
-15946.98
-15567.8
-16220.54
-16826.78
-16835.88
-16823.86
-18782.84
-18130.3
-16148.18
-17160.28
-16618.52
-15263.1
-16037.22
-17117.08
-16607.02
-16828.88
-16690.12
-17794.58
-18412.28
-16596.96
-16324.6
-18278.38
-18957.82
-16333.9
-16290.02
-17625.7
-19842.44
-17524.46
-18707.74
-15308.92
-14970.02
-16354.74
-16533.92
-16753.8
-18884.06
-18585.72
-15717.7
-18409.58
-17435.8
-16855.94
-17699.8
-17458.9
-17282.22
-16080.16
-14290.84
-15679.56
-16055.64
-16691.64
-16229.2
-16982.88
-18005.84
-16790.28
-15821.16
-17396.32
-17821.78
-16350.74
-17474.86
-16585.16
-16178.04
-15102.28
-15501.48
-16130.22
-18271.74
-16526.0
-16482.68
-15578.68
-16085.84
-16469.94
-14910.24
-15441.86
-16289.24
-15632.14
-16159.4
-15277.64
-15818.7
-16154.5
-16137.58
-15928.82
-16595.42
-16403.1
-16299.84
-15943.46
-15242.3
-16017.46
-16744.48
-16126.6
-16844.28
-14429.78
-16293.18
-16083.46
-15521.12
-15596.44
-15327.58
-16014.34
-16139.18
-14520.44
-15727.58
-15070.32
-14875.96
-15531.64
-17070.0
-15059.94
-15235.94
-15585.92
-16309.88
-16184.22
-14292.42
-16387.1
-16112.12
-16247.52
-15586.42
-15790.76
-18624.34
-16293.78
-15581.42
-15451.12
-16137.94
-16121.86
-15758.94
-16876.86
-17070.54
-16414.86
-16480.02
-15786.78
-17098.04
-16557.98
-16243.18
-17284.5
-15816.5
-16779.76
-14805.62
-16296.92
-16173.44
-14437.76
-15661.64
-15161.16
-14975.6
-16005.52
-14776.24
-15346.22
-17159.3
-15328.44
-17070.7
-16078.74
-16940.66
-15989.98
-15925.38
-17225.94
-15637.9
-16390.12
-16733.16
-16491.16
-15594.94
-14290.38
-16022.34
-15629.28
-16743.92
-16064.22
-16598.0
-16043.72
-15930.88
-15524.08
-16957.1
-16486.72
-16517.4
-16428.88
-15850.9
-16093.24
-16439.76
-15441.26
-15854.96
-16460.62
-16113.26
-16595.98
-15748.74
-15989.66
-16706.26
-15618.4
-15910.54
-14978.06
-15814.1
-16537.14
-17233.2
-16064.08
-15917.6
-15765.22
-17136.0
-15493.94
-16794.42
-15506.18
-14948.12
-15305.26
-16142.0
-15862.2
-14720.8
-16059.58
-15696.44
-16148.26
-17595.58
-16019.24
-15545.14
-16130.12
-15157.9
-16332.68
-15228.52
-15263.82
-15737.0
-16133.54
-15851.14
-15328.68
-16919.22
-16509.82
-17090.68
-15452.3
-15102.02
-15859.82
-15543.8
-13903.78
-14942.54
-14874.98
-15335.82
-15055.9
-15293.66
-15093.6
-16264.22
-15573.42
-15041.5
-16257.48
-15919.96
-14917.7
-15696.72
-15599.1
-15001.62
-15512.44
-14832.7
-14927.02
-14617.44
-15974.42
-17338.26
-15554.88
-16347.32
-16162.98
-15570.9
-15887.62
-14682.16
-15513.2
-15667.84
-16227.84
-16060.66
-14983.66
-15537.18
-16204.38
-15838.28
-15548.76
-15895.72
-15733.04
-16556.36
-14655.68
-16398.12
-15299.54
-15117.28
-15281.0
-16796.28
-16152.28
-15298.04
-16307.64
-15263.7
-15588.24
-17219.74
-15719.78
-15272.94
-15212.54
-15736.42
-15229.02
-15453.88
-14221.54
-14961.62
-15772.78
-15407.84
-15476.92
-16417.42
-15283.52
-16337.26
-14817.98
-15522.26
-15590.92
-15944.4
-15391.84
-15405.5
-15679.24
-15685.46
-15616.98
-15170.12
-15506.44
-15348.42
-15382.44
-15729.06
-15943.82
-15386.94
-14382.34
-16283.96
-15251.18
-14652.48
-13826.28
-14749.14
-15422.16
-16458.42
-14975.16
-16106.3
-15572.98
-15204.14
-14946.86
-15488.2
-15044.74
-16363.06
-15765.9
-15085.82
-15777.5
-17099.38
-15287.56
-15592.34
-15462.12
-15595.4
-15363.74
-15073.84
-14098.0
-15953.46
-15649.72
-15078.0
-15833.22
-15286.56
-15068.68
-15407.4
-14954.8
-15241.04
-15746.26
-15687.92
-16077.68
-15086.82
-15836.28
-16701.08
-16321.2
-15302.14
-15934.8
-16213.46
-16694.86
-18139.94
-15870.7
-19113.04
-16836.48
-16305.32
-18373.6
-27471.34
-25198.2
-28200.42
-24594.94
-22151.26
-22778.9
-24598.94
-21325.48
-27435.06
-26860.56
-27039.68
-30176.8
-21973.24
-21758.22
-28783.98
-24001.54
-17921.42
-20050.08
-20834.14
-22057.66
-22632.32
-20100.38
-29549.22
-26572.16
-23838.26
-23580.8
-21480.92
-25720.46
-25744.28
-25914.46
-23497.86
-18618.42
-18144.2
-15353.52
-17841.0
-17068.56
-18567.94
-16389.3
-18730.24
-18506.12
-20851.3
-18187.0
-18302.3
-16920.48
-16350.46
-16180.76
-15353.86
-17284.64
-16674.2
-16508.88
-15824.54
-14788.6
-15280.02
-15222.9
-14764.08
-14489.82
-15438.84
-15334.62
-15316.0
-15404.64
-15811.32
-14311.08
-15706.9
-14241.74
-14563.42
-16213.4
-15434.7
-16476.68
-16349.26
-17927.04
-15531.14
-15351.66
-15607.12
-15868.42
-14438.64
-15754.5
-14865.7
-15656.58
-14853.18
-14771.86
-14159.06
-15002.32
-15512.82
-14376.0
-16050.62
-15503.18
-15334.58
-15091.74
-15589.78
-15314.38
-15020.6
-14283.0
-14320.5
-15074.54
-15284.08
-15673.82
-14876.46
-15928.58
-14990.8
-15946.02
-14802.34
-14375.9
-14876.94
-14747.06
-15401.18
-15564.52
-15065.1
-14651.26
-14421.66
-14753.5
-14739.32
-16327.62
-15911.82
-17347.58
-17905.06
-17507.16
-15681.94
-16782.54
-15896.28
-17396.86
-15643.34
-14962.2
-16204.94
-16864.2
-17794.06
-15650.84
-18649.52
-18325.52
-19188.86
-20173.16
-15268.96
-15733.06
-15758.52
-16108.88
-16121.74
-15456.94
-17425.0
-20825.26
-18502.38
-19460.28
-19671.92
-17809.18
-15652.92
-15607.72
-15965.28
-15525.28
-15203.02
-15847.66
-15038.52
-15100.52
-16722.92
-16754.22
-17993.62
-17392.2
-18998.68
-17836.48
-17061.12
-17124.42
-16670.3
-16219.28
-17264.22
-15647.42
-17206.94
-15869.04
-16137.14
-15980.34
-15580.34
-14749.36
-16649.72
-15862.34
-15151.6
-16292.0
-16147.48
-16012.0
-15845.74
-14741.86
-15222.46
-15549.42
-16700.52
-16184.36
-16830.52
-16274.02
-16122.04
-16259.88
-15190.44
-17010.76
-17309.74
-15783.0
-15967.12
-17295.76
-17157.28
-16588.8
-15206.28
-17659.06
-16259.84
-15603.5
-17576.68
-15442.38
-14858.36
-14736.88
-15131.88
-15548.34
-15259.52
-16608.64
-15861.76
-16400.04
-15560.92
-15144.9
-15118.88
-15002.42
-16664.74
-14942.54
-15799.22
-15181.6
-15513.0
-15060.38
-15344.96
-15056.78
-14543.58
-14754.06
-14955.34
-15563.44
-14232.16
-15166.84
-14522.28
-14840.12
-15059.44
-14812.38
-14868.08
-14431.44
-15266.32
-15696.04
-15548.6
-14678.52
-15862.8
-14759.88
-14846.1
-15113.7
-15368.22
-15172.32
-14978.72
-14876.78
-15198.86
-15368.02
-14819.88
-15384.92
-15538.86
-14410.34
-15019.74
-14857.46
-14468.66
-15536.16
-14533.92
-14600.46
-15730.3
-15450.86
-15289.38
-15745.58
-15755.22
-14801.94
-14637.14
-15391.5
-15402.52
-15495.9
-15782.78
-14566.16
-14441.18
-15436.22
-15657.66
-15606.2
-15805.38
-16235.08
-16224.44
-15306.16
-15190.28
-14353.4
-14879.04
-15065.2
-14864.8
-15474.44
-15280.5
-15745.38
-15463.14
-15466.9
-14689.76
-15368.22
-15135.26
-14747.34
-14413.7
-15298.94
-15385.92
-15521.28
-15777.78
-15436.76
-16216.42
-15410.02
-16520.84
-16131.54
-15035.52
-16325.12
-16880.36
-16787.22
-16110.0
-16494.76
-15703.14
-17766.28
-14459.58
-15587.26
-16439.16
-15979.7
-16173.3
-16638.9
-15753.54
-14883.86
-16356.14
-15040.84
-16089.76
-14725.2
-15037.76
-15028.52
-15147.78
-15188.88
-14492.64
-14255.4
-14745.44
-15239.5
-14770.0
-16078.36
-16036.1
-14968.78
-14625.46
-14574.22
-15798.42
-16177.26
-15593.08
-15348.34
-14665.6
-15058.04
-14901.48
-15075.02
-14860.04
-15477.42
-14431.08
-14711.82
-15953.06
-16267.06
-14547.1
-16199.18
-15867.56
-15732.68
-15371.7
-14930.54
-15195.52
-15197.66
-14966.38
-14456.48
-15434.24
-14609.68
-15474.28
-15816.64
-14812.76
-16131.76
-14730.0
-15687.08
-15091.9
-16176.76
-15280.68
-15257.84
-14688.38
-16142.86
-16797.32
-15974.64
-15187.42
-14352.18
-15708.94
-16063.44
-14982.44
-15072.38
-15386.3
-15273.08
-15862.98
-15190.02
-15518.74
-14614.88
-15463.62
-14661.62
-14357.3
-15304.14
-14368.42
-14943.36
-15863.54
-14241.0
-14573.66
-15684.7
-14237.74
-15612.6
-15793.18
-14415.56
-14768.74
-16619.84
-14987.28
-14803.76
-15492.86
-15305.56
-15983.8
-15546.36
-15249.7
-14485.26
-15347.5
-15203.64
-15504.32
-15092.96
-15521.5
-14758.0
-14765.98
-15016.7
-15551.7
-16226.1
-17086.38
-17153.6
-16056.62
-16373.08
-19374.28
-20194.72
-18807.76
-18611.04
-17442.52
-18580.4
-18542.78
-22376.58
-19882.76
-19595.98
-22415.98
-19215.78
-20416.52
-22064.42
-25583.32
-16156.72
-15787.04
-18011.92
-18311.2
-16501.96
-16757.26
-15490.78
-17384.52
-18846.06
-17815.1
-18902.9
-20548.1
-17417.94
-17854.6
-19590.48
-15666.58
-15816.2
-15518.82
-15605.4
-15326.82
-16169.96
-14942.98
-14713.1
-15457.66
-15416.26
-15356.0
-14665.68
-15540.84
-15901.18
-15607.34
-15124.4
-16146.82
-14896.58
-16287.54
-15049.08
-15880.46
-15204.04
-15465.04
-15356.58
-15883.86
-16097.34
-15632.18
-15096.88
-14420.88
-16091.46
-14908.44
-15905.52
-15482.06
-15767.9
-14206.8
-15402.86
-14926.04
-16099.98
-14680.88
-14871.8
-14619.96
-14522.28
-15415.04
-15250.92
-14743.26
-15454.02
-14410.38
-15727.78
-16059.16
-14991.0
-15441.64
-14348.74
-15669.72
-15593.62
-15528.04
-14731.92
-15136.18
-14951.4
-14682.96
-14689.88
-16523.04
-15515.38
-15368.06
-14791.4
-15553.0
-15978.0
-14501.04
-14948.94
-15524.6
-14532.36
-14784.2
-14262.6
-15933.4
-14904.0
-14189.0
-15218.5
-15294.74
-14737.04
-14711.16
-14787.44
-15623.6
-14731.28
-15112.58
-16235.16
-16229.08
-16399.36
-15298.08
-16737.82
-15419.3
-16187.96
-15958.44
-16929.2
-15416.7
-14611.72
-15911.5
-14448.62
-15499.04
-15005.72
-14421.3
-16050.0
-14760.52
-15559.2
-14257.78
-14800.18
-15717.9
-15943.98
-13728.82
-14795.52
-15208.06
-14771.42
-15212.12
-15022.18
-15376.4
-14836.8
-14376.22
-15124.5
-14690.04
-14875.64
-14979.04
-14736.28
-14988.16
-15853.52
-14833.02
-15526.4
-15467.18
-15591.48
-14312.88
-15504.06
-14789.78
-14563.16
-15053.42
-14005.8
-15412.1
-15534.62
-14736.18
-15668.98
-15014.36
-14493.92
-14905.4
-14583.26
-14314.68
-15084.8
-13757.98
-15428.52
-14687.38
-14619.7
-15036.46
-15077.94
-15272.62
-14850.9
-14552.16
-14218.58
-14353.5
-14362.68
-14780.7
-15426.84
-15513.02
-14482.82
-15464.98
-14901.86
-14951.52
-15112.92
-15403.08
-15201.6
-16010.44
-15173.6
-15311.72
-15103.76
-15132.72
-14537.46
-14347.94
-14851.92
-14978.56
-14673.68
-14035.16
-15891.24
-15614.06
-14576.14
-14722.26
-15332.94
-14845.24
-15350.3
-14821.12
-14619.92
-14874.12
-14742.18
-15854.66
-14874.58
-14826.94
-15138.82
-14767.74
-14790.38
-15253.4
-14362.62
-14750.72
-14313.58
-15005.66
-14838.36
-15137.02
-14892.02
-14710.7
-14953.6
-14391.12
-15829.14
-15795.42
-14582.1
-14930.16
-15267.1
-15303.16
-15584.24
-15286.92
-14684.92
-15545.84
-14937.62
-14002.26
-15550.08
-14706.34
-14327.2
-14448.1
-15107.82
-15571.42
-15446.5
-14684.26
-15288.52
-14493.1
-15040.02
-16114.18
-14889.08
-14652.94
-14698.7
-14926.0
-14865.96
-14642.62
-14853.8
-14613.6
-14298.92
-15474.78
-15733.32
-14946.92
-15298.66
-14217.58
-15093.6
-16150.46
-15283.32
-15216.64
-14375.74
-16345.98
-14607.66
-14641.9
-15514.3
-15133.14
-14244.04
-14276.28
-15323.12
-14986.98
-15399.36
-15551.42
-17103.38
-14693.8
-15492.34
-14428.26
-15694.94
-15141.4
-14803.16
-13720.88
-14629.24
-15072.72
-15383.9
-14662.74
-14740.4
-14902.42
-15953.78
-14983.9
-16013.0
-15205.06
-15251.66
-16404.66
-14768.9
-14822.08
-14372.32
-15110.34
-14800.14
-14459.18
-16351.3
-14724.32
-16200.06
-15102.32
-14800.38
-15057.8
-14532.74
-15325.74
-14557.16
-16165.66
-15814.96
-14417.9
-14367.32
-14444.6
-16084.1
-15031.18
-14190.78
-15050.66
-15103.6
-15554.76
-15715.26
-15776.22
-14293.5
-15535.46
-15261.58
-14556.36
-15775.04
-14648.28
-16761.9
-14811.48
-15965.36
-14239.14
-14730.92
-14899.32
-15209.22
-14854.9
-15242.74
-15182.66
-15177.18
-15463.54
-15623.08
-15624.58
-14866.2
-14182.36
-14766.52
-14654.28
-13947.72
-15888.92
-14501.2
-14606.72
-14862.16
-14028.32
-14881.12
-15123.24
-13616.82
-14881.3
-15030.14
-15114.58
-15109.08
-15087.28
-15504.42
-15110.94
-15924.48
-15076.1
-15721.32
-15994.42
-15655.62
-15288.38
-15357.44
-15429.28
-15463.22
-16240.24
-15374.98
-14549.54
-14099.96
-14638.58
-15455.1
-15025.66
-15141.8
-13650.96
-14582.44
-15391.02
-15266.34
-14685.32
-14945.72
-14671.64
-14375.38
-15142.94
-15329.48
-13989.18
-14566.88
-15656.18
-15541.52
-15742.8
-15774.22
-16476.14
-16342.58
-14903.98
-16155.66
-15289.64
-15784.14
-15958.68
-15423.28
-15608.3
-15013.88
-15369.18
-15182.64
-14961.18
-16206.82
-15640.84
-15767.74
-15922.58
-15736.1
-16631.12
-15650.46
-15315.5
-15896.08
-14628.18
-15955.54
-14854.12
-15853.54
-16132.86
-15696.66
-16754.94
-16217.12
-16659.48
-15816.52
-15155.12
-15787.9
-16098.96
-16331.16
-16373.9
-14746.68
-17480.38
-16138.58
-15774.16
-16695.7
-14198.92
-16554.64
-15290.14
-16258.16
-15513.12
-14951.86
-16064.62
-16178.42
-15534.38
-15871.96
-15832.2
-15074.34
-16237.8
-16332.08
-14873.48
-15195.54
-15848.84
-15631.16
-16074.06
-14899.58
-15144.82
-15976.7
-14601.42
-14891.6
-14838.52
-15617.7
-15546.62
-15226.68
-16150.6
-15028.5
-14360.62
-15829.0
-15021.42
-15275.68
-14734.74
-15903.86
-16044.0
-16497.16
-16721.82
-14803.04
-14927.84
-16108.12
-15176.26
-14839.58
-15305.84
-15216.44
-15806.42
-15204.62
-15021.16
-15290.06
-14788.88
-14721.3
-14542.62
-14300.72
-14946.16
-14153.86
-15224.38
-15004.6
-16396.86
-15480.34
-15639.08
-16021.26
-15642.22
-15509.88
-16002.9
-14362.24
-14922.06
-15507.38
-14995.8
-15177.4
-16061.96
-16117.42
-14928.8
-15029.42
-15522.5
-14813.24
-15221.24
-15448.54
-15684.06
-14604.9
-14474.72
-14777.4
-14660.14
-15261.24
-14816.76
-15541.18
-14439.4
-14560.42
-14484.28
-14585.58
-13837.9
-14852.9
-14513.72
-15390.96
-14230.28
-14514.3
-15154.3
-14142.9
-15187.18
-14887.54
-15103.22
-14848.64
-14688.22
-15097.84
-15929.82
-15497.92
-14850.06
-15438.62
-15892.96
-15406.4
-15310.88
-14783.92
-14892.78
-14629.86
-15093.96
-15493.08
-15863.1
-14447.1
-14961.8
-15631.28
-15884.22
-14866.18
-15766.82
-16033.36
-14827.06
-15141.86
-14958.06
-15363.92
-15532.88
-14677.22
-15104.88
-15685.84
-16715.14
-16074.58
-16013.26
-15013.84
-13946.76
-14829.92
-15451.94
-14808.1
-15823.48
-14443.4
-15767.6
-15033.5
-14178.9
-13943.2
-16098.8
-15024.8
-15144.0
-15727.84
-15217.0
-15493.6
-15416.14
-15293.7
-15661.9
-17083.36
-14711.56
-15103.66
-16235.92
-15659.24
-15568.5
-15825.42
-16215.26
-15909.4
-15651.58
-16356.12
-17152.42
-16684.28
-17701.84
-18292.56
-17078.42
-16274.92
-15879.66
-17192.2
-15982.2
-15333.46
-16852.36
-16251.72
-15127.94
-16688.3
-16394.3
-16419.56
-16229.3
-14608.86
-15203.04
-14462.18
-14637.9
-16504.02
-15160.24
-16282.26
-14844.12
-15395.56
-14415.74
-15259.36
-15007.66
-15829.96
-15321.06
-16172.5
-14633.5
-15334.86
-13781.64
-15169.78
-14798.92
-16072.5
-15356.28
-14515.88
-15443.68
-16071.36
-16329.2
-15503.5
-14615.16
-14649.78
-15205.08
-15416.08
-13998.98
-14969.34
-15011.58
-14986.8
-15128.4
-15327.08
-15238.14
-15023.64
-14991.46
-15496.72
-14067.44
-15362.24
-14780.86
-15202.96
-15475.4
-14966.72
-15882.92
-14672.38
-14861.5
-14685.38
-15054.76
-14884.76
-14966.68
-15996.52
-15314.84
-14997.78
-15062.32
-16000.92
-15456.16
-14055.32
-15343.88
-15370.42
-16075.26
-15751.26
-16238.44
-14929.96
-15753.96
-14549.86
-15507.26
-14667.06
-15680.56
-16836.5
-14671.72
-15412.42
-16624.4
-15149.88
-14606.3
-15826.26
-15341.86
-15243.4
-15550.02
-15328.14
-15243.3
-16357.96
-15839.78
-15156.1
-15159.96
-15650.46
-14422.06
-15196.26
-15004.44
-14755.24
-16152.94
-13888.44
-14807.08
-14909.5
-14119.64
-14331.28
-15123.32
-15557.52
-15936.92
-14553.38
-15415.16
-14943.96
-15135.46
-15406.0
-14949.04
-14537.5
-14635.66
-15152.5
-14943.72
-14934.54
-14776.18
-15474.52
-14736.72
-14511.36
-15161.46
-15089.84
-14891.22
-14912.62
-15745.44
-15086.56
-15178.5
-14955.24
-15538.62
-15024.22
-14701.36
-15029.12
-15290.58
-14908.94
-15019.16
-15015.86
-15703.94
-15406.98
-15727.92
-15322.9
-15424.9
-16143.78
-15441.56
-15646.34
-15525.78
-15951.86
-17736.88
-15581.54
-16670.76
-16411.0
-15249.66
-16172.12
-15589.42
-15751.32
-15989.24
-16264.6
-15239.8
-14368.68
-14804.78
-17432.38
-15963.24
-14856.28
-15682.68
-15887.58
-14636.3
-14317.88
-15646.26
-15182.26
-14384.18
-15764.28
-14762.24
-15896.34
-15441.7
-14738.6
-15677.92
-14959.86
-15796.62
-15453.52
-15814.54
-14934.36
-15084.14
-16760.74
-15116.7
-14671.08
-15629.48
-14242.08
-16662.68
-15324.32
-15393.38
-14886.52
-14919.16
-14955.88
-15427.94
-16402.1
-14463.82
-14140.16
-15218.08
-15047.4
-14693.38
-14818.46
-14710.98
-15434.82
-15474.66
-14618.16
-14639.0
-15072.58
-16117.34
-14438.3
-14122.88
-16100.4
-15445.34
-15213.04
-15855.32
-14872.5
-15037.74
-15020.12
-14216.74
-15318.18
-15566.0
-15130.36
-15330.22
-15597.82
-15356.94
-15338.96
-14672.48
-14704.78
-15400.42
-15441.52
-14434.34
-15564.28
-16025.8
-14974.8
-15285.26
-15934.52
-15861.34
-14517.06
-15406.66
-14583.0
-15322.12
-15847.2
-14904.92
-16321.42
-15919.8
-14670.62
-15222.78
-14497.16
-16643.96
-15603.04
-15533.24
-16081.44
-15329.0
-15601.84
-15390.38
-16158.5
-16325.56
-15073.86
-14802.32
-15021.7
-15346.76
-15078.92
-15531.46
-14677.96
-15352.0
-16339.76
-15956.96
-14624.5
-16225.02
-15917.5
-16243.52
-16066.02
-14210.82
-14843.34
-14692.54
-15621.82
-14876.34
-15390.46
-15392.54
-15901.9
-14683.52
-15011.72
-16055.06
-15662.14
-16123.6
-15333.26
-15849.78
-15414.76
-15998.32
-15662.42
-16198.24
-15328.48
-16102.78
-15469.74
-16122.04
-14864.68
-15239.02
-15254.86
-14563.34
-14916.06
-15973.58
-14537.6
-16886.1
-15006.5
-15443.5
-16033.62
-14655.18
-15715.0
-15730.12
-14654.5
-14754.64
-14516.62
-14709.64
-14112.62
-15411.24
-15642.94
-16517.2
-15812.18
-15472.52
-15645.0
-16171.6
-16332.28
-15715.4
-15675.74
-15353.64
-16537.8
-16000.02
-16341.18
-15037.26
-16096.76
-16346.16
-16406.58
-16388.9
-15026.86
-16012.46
-16706.1
-15142.6
-15465.48
-16042.98
-14184.16
-14359.2
-15240.14
-16040.26
-15237.04
-14363.82
-15980.12
-15520.18
-16207.68
-16058.14
-14202.92
-15267.28
-14626.1
-15680.46
-15195.36
-14741.66
-14193.64
-15518.06
-15238.7
-16199.58
-15367.52
-14505.24
-16329.34
-16071.56
-16435.14
-16024.9
-15466.98
-14715.76
-14708.44
-14862.32
-15463.42
-15583.32
-16228.02
-15320.14
-15544.66
-14517.32
-15759.78
-15749.06
-15416.18
-14929.38
-15094.08
-15142.08
-15515.12
-15807.8
-16617.24
-16709.98
-15015.76
-16315.82
-15606.02
-16120.98
-15859.28
-15374.76
-15541.74
-15400.12
-15347.76
-15064.48
-15061.64
-16053.22
-15357.82
-15694.84
-14240.86
-14678.46
-14677.1
-15054.86
-15025.96
-15055.1
-15839.24
-14594.52
-15409.6
-15110.8
-15013.88
-14733.3
-14953.38
-14964.56
-15752.68
-15988.36
-14091.18
-15273.0
-16141.38
-15705.18
-15579.54
-14637.94
-16252.9
-16412.0
-15133.74
-15595.82
-15519.22
-15692.86
-15266.9
-15904.46
-16454.3
-14719.52
-15418.5
-15365.74
-15443.46
-14711.58
-15704.78
-14994.76
-15719.86
-14974.88
-15126.1
-15153.02
-14736.64
-14555.02
-14988.28
-15721.06
-15048.1
-15142.36
-15563.66
-15802.38
-15209.34
-13743.44
-15428.68
-15474.04
-14755.28
-14063.62
-15815.34
-15360.66
-15415.7
-15085.26
-14931.58
-15172.64
-15907.56
-15132.2
-15473.0
-15539.46
-14280.72
-14818.68
-15129.52
-14867.84
-14729.8
-14902.9
-14795.74
-14524.02
-15054.2
-15032.38
-15286.7
-15153.54
-15081.22
-14602.58
-16272.54
-15479.86
-15648.88
-14812.86
-15132.7
-15710.9
-14586.0
-15252.34
-15574.06
-14519.96
-15416.72
-15721.16
-15711.64
-14894.0
-16410.06
-16598.8
-16275.24
-14575.16
-15249.54
-14738.88
-15606.14
-15450.98
-15908.14
-14992.34
-15124.8
-15632.04
-15216.22
-15364.1
-14614.7
-14971.92
-14957.78
-15366.68
-16234.28
-15739.54
-13880.72
-14825.62
-16244.9
-14443.4
-14633.36
-15890.02
-15126.1
-15400.78
-15127.38
-15317.66
-14952.06
-15101.28
-15440.5
-14729.86
-14926.7
-16194.24
-14298.1
-15380.74
-14724.58
-15106.24
-15447.0
-15492.28
-16870.3
-16052.12
-15942.12
-15987.04
-15075.34
-14904.02
-16351.9
-15334.2
-15364.1
-15273.62
-16235.2
-16227.46
-15174.48
-14852.64
-16079.52
-15421.9
-15921.34
-14388.24
-15900.76
-15463.94
-15747.96
-14719.06
-15203.54
-15734.54
-15827.38
-16039.94
-15267.66
-15723.88
-16633.26
-16549.6
-15856.48
-15102.34
-15677.26
-15965.3
-14696.58
-16206.14
-14474.88
-15679.6
-15649.96
-13687.18
-16153.26
-15169.52
-16977.5
-15165.26
-16235.6
-15881.86
-14949.62
-15015.7
-15472.24
-16269.58
-15425.7
-15454.74
-15441.82
-16472.2
-15803.72
-16153.3
-17310.96
-15807.0
-15591.88
-16406.5
-15332.24
-15433.6
-13796.86
-15614.28
-16480.44
-15560.4
-16643.92
-16519.72
-15783.12
-15921.74
-14517.98
-15379.06
-16119.06
-15783.14
-15290.3
-15444.76
-14924.62
-16145.46
-15747.76
-16016.56
-15579.78
-15749.34
-16153.68
-15233.08
-15131.06
-15483.78
-15969.04
-15945.08
-15949.92
-15488.02
-15447.9
-15716.18
-17312.88
-16742.68
-16539.98
-15363.84
-16405.82
-15466.74
-15896.72
-15561.66
-15413.7
-15280.24
-14592.66
-14798.32
-15172.72
-15896.7
-15768.06
-15766.96
-15566.8
-15178.16
-15946.26
-16088.08
-15300.36
-14879.5
-16221.8
-15433.74
-15352.98
-15706.82
-17005.32
-16824.7
-14995.1
-14775.32
-15133.7
-15843.18
-14756.34
-15316.8
-15480.24
-15082.1
-14604.88
-14560.72
-15171.58
-14917.98
-15983.22
-15361.0
-15765.48
-15300.96
-15504.16
-14292.92
-15379.68
-15050.1
-15340.92
-15145.86
-15515.76
-14626.32
-16153.94
-14662.46
-14492.58
-15112.96
-15183.94
-15563.84
-14895.42
-15554.28
-14571.66
-15468.34
-14075.56
-15156.38
-15235.5
-14421.62
-13736.14
-14345.92
-14956.7
-14757.52
-14741.66
-14773.04
-15615.08
-15160.96
-14692.42
-13880.24
-15228.4
-14477.88
-14793.28
-15985.32
-14659.2
-15260.7
-15096.86
-15508.2
-14674.68
-15034.44
-14622.78
-14425.38
-15130.7
-14703.28
-14547.28
-14895.22
-14865.36
-14843.36
-14934.08
-13496.86
-15229.68
-14764.88
-15485.2
-13910.66
-15105.3
-14619.08
-14273.04
-15761.78
-14276.06
-14623.4
-14812.54
-14956.6
-13198.0
-14589.36
-15645.32
-14481.28
-15117.78
-14515.02
-15921.06
-14018.0
-14653.52
-14717.1
-14005.86
-14537.04
-14876.68
-15043.48
-14156.92
-15700.16
-14296.28
-15403.0
-14654.26
-14496.78
-14326.56
-14390.88
-14622.28
-14027.8
-14623.92
-14144.98
-15689.38
-15059.04
-14943.26
-14570.48
-14989.9
-14956.76
-15126.84
-14538.96
-13946.76
-14517.52
-14732.58
-15336.3
-15066.4
-15074.18
-15020.76
-13708.78
-14609.48
-15733.08
-14281.78
-14635.38
-15446.98
-14487.36
-14896.28
-15604.94
-13706.66
-15152.5
-15220.32
-14520.96
-14323.16
-14755.26
-14798.08
-14666.8
-15611.54
-14573.7
-14301.94
-15033.02
-14612.68
-14915.16
-14482.42
-14629.54
-14419.6
-15833.22
-14337.62
-14793.44
-14887.22
-14610.08
-15065.38
-14813.26
-14186.24
-14720.82
-14914.18
-14543.1
-15454.0
-15660.02
-13902.26
-14905.42
-15411.4
-15520.96
-15030.32
-15301.22
-15638.74
-15577.7
-15233.2
-15741.84
-14960.76
-14534.6
-14502.56
-14594.18
-15351.18
-14847.54
-15580.7
-15569.74
-15627.58
-13939.52
-14073.68
-14866.7
-14866.74
-16190.28
-16695.16
-15276.7
-15553.56
-16177.64
-15178.3
-15065.62
-15046.24
-15697.68
-14732.2
-15087.36
-14568.12
-15503.78
-15646.9
-15022.5
-15539.7
-14718.7
-15460.08
-13987.16
-14857.54
-14404.58
-14655.34
-14783.66
-15323.0
-14617.4
-14553.8
-15009.5
-15844.7
-14820.58
-15214.6
-15190.18
-16031.78
-13946.76
-14852.82
-15478.44
-15149.52
-14672.0
-14521.12
-14709.62
-14212.72
-14549.16
-14843.42
-14676.38
-14762.98
-15643.26
-14907.12
-14654.36
-14188.3
-14245.24
-14548.26
-14482.32
-14307.34
-14395.84
-14593.32
-15284.32
-14121.9
-15641.62
-14992.98
-14734.86
-14924.68
-15571.64
-14447.38
-13775.68
-15083.38
-14329.3
-14342.84
-13934.92
-14952.22
-15648.66
-14751.92
-14716.38
-14406.12
-14733.8
-15058.08
-14740.02
-15315.12
-14938.08
-15383.04
-15862.5
-14237.3
-15306.34
-13475.46
-14251.7
-14340.24
-15017.2
-15201.82
-14207.32
-15301.9
-15080.8
-15146.2
-15665.12
-14294.54
-15049.38
-15175.88
-14705.16
-14270.12
-15198.96
-15695.52
-14898.12
-14325.2
-15292.86
-14689.0
-13940.3
-15228.16
-15118.84
-13870.1
-15122.9
-14341.0
-14781.7
-14508.3
-14740.6
-13648.44
-14692.5
-15372.5
-15155.32
-14961.9
-14290.8
-15417.4
-16212.02
-14680.4
-14975.1
-14375.3
-15731.0
-16106.2
-14600.1
-14969.2
-14416.2
-15465.9
-13667.12
-15273.3
-14979.88
-14360.12
-15092.3
-14983.9
-14360.9
-16188.9
-14983.5
-14882.4
-15064.4
-16065.5
-14761.7
-14916.5
-14983.6
-14926.5
-16123.88
-15120.26
-14937.56
-15503.84
-14789.34
-14362.62
-15227.9
-16232.58
-15970.06
-16634.92
-17182.98
-16524.2
-15412.84
-15377.62
-15108.04
-16327.94
-15309.92
-15291.52
-14619.64
-14815.14
-14856.5
-16077.72
-14358.4
-15966.9
-14698.5
-15520.6
-15728.62
-13935.7
-15436.34
-14572.62
-14836.52
-14877.16
-14982.48
-15214.8
-15929.24
-15358.96
-15850.08
-15356.8
-15293.88
-16102.48
-15164.92
-14915.18
-15815.48
-14911.38
-15373.66
-16352.48
-14634.02
-16247.46
-15188.28
-15772.88
-14956.7
-16445.3
-14609.26
-15871.12
-16466.6
-16466.7
-14532.54
-14549.06
-14286.14
-15201.6
-14624.64
-15730.9
-14505.92
-15508.86
-15313.9
-14198.26
-15479.76
-14794.58
-15466.22
-15311.58
-15539.14
-16035.0
-16922.16
-15792.02
-16403.4
-16576.36
-16176.4
-17010.74
-15066.1
-15420.08
-16535.5
-15658.64
-15821.36
-15622.44
-15081.82
-15234.68
-16106.76
-15100.3
-15088.9
-16667.58
-15270.18
-15892.3
-17346.66
-15876.26
-16368.38
-16123.84
-14940.24
-15392.1
-14404.54
-15111.04
-14865.72
-15177.92
-15436.8
-14858.16
-15778.7
-15104.5
-15171.9
-15095.96
-15470.76
-16073.02
-15838.44
-15690.44
-15018.96
-14433.38
-15795.36
-15479.36
-15129.34
-15128.0
-14912.14
-15943.66
-16196.24
-15109.14
-15280.2
-16255.84
-15946.24
-15389.22
-15034.62
-15789.06
-15106.4
-15712.4
-15422.54
-14424.36
-15638.18
-13636.96
-14442.3
-15057.52
-15180.3
-15766.78
-15029.86
-15474.92
-15264.66
-16071.6
-14507.78
-14162.7
-15158.2
-15924.1
-14833.18
-14784.34
-15262.26
-15131.58
-15291.9
-14143.8
-15108.72
-14531.08
-14568.82
-15486.7
-14809.58
-14741.8
-14598.48
-15144.26
-13948.66
-15274.48
-14610.44
-15361.54
-15827.36
-16353.96
-15080.18
-14873.44
-14788.68
-14683.8
-16319.98
-14822.74
-17108.12
-15412.06
-15731.46
-15187.16
-15470.08
-15658.42
-14990.4
-15027.76
-15597.96
-15247.2
-15553.1
-15433.56
-15044.12
-15082.3
-15915.32
-16067.66
-15225.24
-14836.46
-15650.08
-15190.34
-15978.92
-16188.64
-16566.4
-15453.14
-15196.62
-15108.88
-15038.58
-16877.36
-15756.22
-16489.12
-16020.54
-16451.36
-15183.74
-13809.88
-14581.9
-15316.66
-15295.84
-15236.04
-15057.38
-15521.58
-15196.4
-14887.26
-14346.62
-15126.38
-15228.1
-15110.48
-15164.76
-15486.88
-14677.46
-14336.26
-15083.76
-14828.26
-16225.64
-15071.38
-14868.86
-14730.8
-14803.66
-14133.02
-14392.56
-14283.62
-14249.38
-14158.9
-15369.94
-15264.62
-14412.46
-15845.52
-14650.96
-15431.2
-15367.54
-15619.3
-15216.7
-14864.76
-14727.46
-15110.36
-15051.24
-15923.54
-14858.06
-14933.02
-14982.32
-14411.38
-14787.86
-16128.26
-14886.94
-15702.24
-14941.5
-14697.54
-14581.8
-14348.94
-14805.54
-13696.18
-14335.2
-15147.72
-15256.86
-14861.7
-14617.5
-14715.42
-15390.4
-14140.6
-14644.8
-15420.8
-16266.9
-15380.9
-14781.9
-13953.44
-14987.64
-15930.7
-15034.84
-15697.16
-14265.7
-14957.78
-15113.44
-14683.8
-15720.66
-15433.1
-15391.54
-14011.78
-14848.96
-13713.88
-13897.14
-15047.62
-15295.72
-14635.62
-14820.88
-13571.74
-14311.04
-14708.82
-14985.46
-14021.38
-15318.02
-15551.3
-15569.72
-14765.26
-14627.14
-15478.94
-14017.38
-14744.94
-15862.1
-14888.64
-15395.6
-14628.1
-15494.68
-15242.04
-14832.0
-15132.86
-15711.06
-15617.68
-14390.2
-16297.08
-14167.98
-13990.04
-14739.6
-15436.2
-15159.92
-15389.82
-14902.28
-15261.84
-14739.2
-15385.4
-14465.36
-14895.96
-15004.56
-14768.78
-14109.86
-15332.04
-14753.06
-13934.34
-14612.42
-15408.24
-15659.88
-14261.28
-14805.14
-14264.36
-15397.84
-14845.14
-15140.1
-15507.32
-14820.14
-13664.78
-15688.04
-15966.18
-15135.46
-14936.18
-14630.3
-15709.28
-15569.16
-16308.7
-15310.26
-15451.2
-15917.12
-14964.3
-15273.36
-15226.2
-15112.48
-17118.04
-15271.88
-14119.5
-15473.76
-15820.22
-15294.22
-14776.04
-15485.3
-15787.12
-14719.98
-15321.7
-16221.08
-15659.04
-15703.22
-14162.22
-15543.38
-14737.26
-15160.34
-15752.58
-15504.94
-14741.86
-14560.96
-16252.12
-15749.38
-14727.72
-17882.74
-16514.74
-17167.0
-17795.46
-17742.02
-16029.0
-18980.18
-17475.28
-17768.58
-17023.6
-16868.74
-15723.8
-17909.34
-19138.62
-18752.5
-17169.38
-19457.86
-20148.8
-17408.32
-17830.62
-16956.56
-15674.12
-16098.38
-17320.62
-16586.92
-16706.74
-19215.88
-19221.12
-18727.06
-17834.3
-16153.0
-16872.56
-15235.76
-14829.34
-14482.16
-17050.38
-14920.46
-17218.08
-17251.6
-15701.36
-15607.36
-16507.16
-15141.2
-15499.88
-15827.68
-16062.62
-16244.06
-19202.16
-16424.5
-16105.1
-18049.18
-17816.06
-17649.3
-18660.76
-18507.14
-16603.74
-16730.18
-15804.1
-17489.74
-17260.66
-16338.44
-16595.38
-16422.0
-17450.68
-17940.04
-18078.2
-18028.24
-18761.12
-18785.04
-19435.74
-17199.16
-18318.86
-18588.0
-18717.32
-18053.66
-16875.78
-17303.94
-16632.66
-16091.3
-17382.26
-16057.54
-18588.82
-16697.14
-17818.96
-16317.5
-16587.04
-16103.6
-16159.46
-17769.38
-18518.48
-16713.24
-17996.52
-17009.46
-16732.38
-16540.14
-16495.52
-16599.48
-16631.02
-15976.22
-16434.08
-18457.0
-16132.88
-15620.7
-15849.26
-15507.04
-19088.66
-19097.16
-15382.88
-16903.66
-16483.36
-16304.7
-16374.5
-15502.48
-15126.66
-16216.12
-15409.3
-14397.04
-15357.4
-15591.42
-14396.06
-14683.1
-15646.38
-14505.36
-14024.44
-14700.1
-15504.94
-14730.88
-15290.36
-15645.66
-15060.54
-15055.36
-14712.54
-13936.9
-15645.7
-15459.7
-14759.74
-14942.44
-15313.52
-14063.12
-15367.06
-14552.9
-15531.76
-14798.78
-14805.04
-15635.36
-14944.36
-14655.16
-15089.38
-14870.28
-14481.64
-13813.0
-15078.94
-15500.28
-15394.12
-15035.56
-14720.16
-15302.4
-15023.36
-15105.98
-15492.74
-14959.54
-14985.86
-15179.92
-15059.04
-15158.24
-15119.88
-14495.12
-14840.26
-14148.32
-14969.1
-14041.7
-14701.02
-15691.18
-14572.06
-15993.1
-15000.56
-15085.34
-15053.42
-16504.52
-15577.4
-15328.0
-14653.42
-14132.24
-14695.94
-15512.84
-15410.78
-13705.86
-16124.38
-15914.26
-14590.22
-15623.2
-14262.96
-15048.98
-15822.8
-15159.88
-14870.94
-15959.66
-15505.84
-15942.08
-16031.6
-16023.66
-13939.66
-15073.88
-14434.6
-14315.8
-15283.92
-15430.44
-15173.2
-14338.34
-16331.5
-14920.58
-14601.34
-14777.14
-14691.3
-14794.08
-14704.58
-15781.42
-14886.94
-15502.88
-14438.62
-15014.48
-15873.08
-15600.26
-15659.64
-13768.52
-15664.26
-14666.02
-16485.76
-15073.34
-14019.12
-14980.2
-15083.1
-15462.84
-15334.28
-14289.04
-14724.64
-15827.94
-15355.46
-16225.58
-15620.58
-14320.28
-15139.28
-14196.96
-15697.98
-15921.16
-15409.42
-14268.02
-15037.48
-14417.24
-14822.04
-16393.54
-14355.9
-14149.9
-15530.88
-15408.46
-14616.34
-14639.5
-15222.88
-14632.92
-14885.1
-14052.42
-15318.16
-14851.76
-14811.06
-14874.82
-14989.74
-15296.0
-15770.4
-15099.98
-14365.64
-15668.56
-14670.4
-14988.72
-15228.34
-14219.44
-15083.94
-14670.16
-16063.12
-15610.68
-15217.54
-14711.2
-14733.98
-15641.08
-15530.46
-14718.72
-14583.64
-15954.6
-16021.32
-15670.04
-15686.12
-16236.72
-15916.74
-15139.4
-15082.06
-16357.86
-15504.72
-16860.38
-16076.82
-15873.32
-16960.6
-15878.34
-15897.94
-14811.78
-15934.86
-15477.42
-16352.06
-14412.54
-15845.94
-14854.8
-15009.88
-15590.54
-15637.5
-16312.54
-15590.9
-16171.58
-15917.84
-15716.56
-15346.1
-15094.9
-14947.36
-14881.36
-15484.04
-15216.12
-15698.66
-15354.2
-15749.6
-15019.88
-16118.44
-15308.06
-15980.2
-15469.04
-15357.18
-14861.7
-15040.92
-14831.68
-15671.54
-15232.92
-15767.5
-15205.02
-14478.42
-15930.92
-16521.44
-14994.18
-16396.76
-15502.8
-16453.54
-15137.62
-15964.54
-16021.8
-15455.02
-15491.24
-15273.5
-15526.16
-15000.82
-15673.04
-14911.34
-15722.1
-14595.44
-14704.66
-15947.18
-15685.28
-16219.64
-16878.72
-16414.32
-15279.38
-15535.92
-16092.88
-16239.3
-15359.58
-15520.18
-15625.38
-15496.74
-16742.34
-15634.16
-15655.68
-13858.96
-15499.8
-15747.52
-16438.5
-14715.4
-15686.18
-15775.54
-16067.02
-15501.56
-15032.92
-15427.22
-16233.74
-16746.18
-14819.72
-15805.02
-15634.12
-16716.6
-16284.34
-15541.16
-16205.98
-15477.64
-15559.62
-15709.08
-15260.56
-15102.32
-16234.16
-14949.76
-15257.42
-15533.54
-15419.22
-15714.64
-14901.66
-15012.2
-16467.38
-14719.78
-15324.4
-15674.64
-15630.54
-15630.88
-16023.94
-14790.14
-15703.2
-15643.68
-15789.82
-14995.24
-15190.36
-15677.72
-15516.94
-15986.52
-15647.54
-14976.06
-15830.04
-16998.7
-15652.78
-14837.26
-15245.24
-16232.26
-15477.24
-15404.92
-15176.72
-15320.2
-15243.9
-15541.66
-16033.08
-15350.96
-15574.8
-16183.44
-15455.08
-14755.22
-15721.74
-15273.14
-14458.68
-14699.7
-14720.76
-15337.0
-15934.84
-15453.34
-15650.06
-16356.6
-15817.52
-15652.56
-14032.42
-15649.08
-16832.68
-16019.16
-16978.54
-18000.3
-16597.8
-16594.52
-16579.98
-17301.98
-17251.54
-16260.98
-15652.6
-17235.88
-14376.34
-17209.34
-16431.5
-14665.84
-14739.18
-14604.36
-16439.96
-15658.4
-14114.22
-16007.82
-16236.46
-15669.32
-15023.3
-15331.68
-16705.28
-15292.46
-16610.28
-15638.76
-15702.18
-15404.48
-15431.64
-16720.32
-16278.7
-15746.94
-15287.78
-16047.38
-15380.14
-14512.26
-14596.56
-14270.8
-15167.58
-14670.46
-14758.74
-15390.24
-15004.34
-15079.42
-14217.44
-14877.8
-15685.34
-14948.28
-16120.6
-14551.6
-16251.26
-15342.4
-14259.34
-13905.98
-15284.12
-16374.54
-14504.28
-14811.98
-14823.7
-15652.22
-16096.5
-14767.32
-15394.48
-15297.92
-14854.78
-15613.04
-14583.7
-15405.98
-16153.9
-13604.06
-15275.94
-15509.04
-14998.96
-15555.24
-15711.96
-16088.8
-15239.32
-15176.24
-15643.32
-14620.1
-14607.28
-14811.28
-14742.62
-15165.38
-15288.84
-14274.54
-16653.44
-14272.88
-14727.3
-15832.46
-14456.44
-15815.34
-14745.92
-15276.96
-15160.4
-15704.74
-14739.22
-15572.26
-15753.12
-15007.64
-15101.86
-14755.62
-15404.78
-15267.72
-14107.4
-15809.24
-15587.52
-15066.84
-16821.94
-15080.96
-15585.46
-16256.7
-16052.52
-14653.42
-14459.56
-14498.62
-15280.16
-14576.64
-15209.42
-14358.18
-15615.36
-15313.54
-15029.02
-14890.96
-15075.76
-15022.56
-15276.88
-16165.94
-15685.38
-13972.84
-14859.78
-14902.84
-15913.22
-16622.98
-14636.48
-14785.76
-14202.44
-15242.04
-14276.82
-15092.18
-15234.5
-15236.96
-16118.38
-15103.88
-15810.96
-14685.18
-15422.0
-15704.1
-15160.28
-14871.3
-15614.26
-14568.42
-15307.44
-14842.22
-15345.7
-15933.04
-15868.22
-15730.48
-15442.78
-15867.82
-16148.54
-15059.6
-16611.18
-16676.08
-16312.84
-15646.16
-15272.9
-16903.32
-16282.5
-15448.66
-17529.16
-16103.98
-16383.3
-17666.26
-17412.08
-15900.12
-15353.16
-14454.54
-14944.5
-14283.84
-16313.96
-15927.42
-15356.74
-16770.8
-14874.22
-15751.7
-16710.94
-16350.64
-15073.44
-14917.5
-15714.08
-16051.82
-15870.98
-15388.14
-15006.74
-15700.28
-15095.84
-15398.96
-17061.3
-16027.3
-15983.6
-15583.46
-16196.1
-16594.44
-14888.66
-15364.24
-16022.22
-15508.6
-17349.82
-16082.28
-16223.92
-16423.04
-15665.28
-15248.68
-16537.46
-15028.02
-16921.9
-17217.98
-16043.86
-16173.62
-17273.02
-16424.58
-17518.12
-17601.08
-16003.9
-16239.48
-16895.02
-18860.1
-16771.96
-17941.86
-16264.48
-18121.06
-16233.72
-17385.36
-15893.5
-17463.74
-17463.88
-16797.84
-18450.82
-17459.9
-17349.7
-18710.24
-15819.54
-17770.0
-17968.72
-17647.0
-17304.04
-19320.32
-17502.54
-16769.88
-17900.46
-17744.52
-17969.7
-16717.46
-16721.92
-17402.24
-17293.1
-18128.0
-16885.14
-16548.92
-16458.96
-15575.96
-15802.66
-17705.24
-16779.4
-16821.42
-17005.24
-16478.2
-15715.34
-16328.48
-15967.0
-17198.84
-17389.52
-19133.7
-17318.08
-18073.9
-17012.34
-16233.54
-16557.22
-17391.8
-19061.28
-16691.28
-17224.7
-21663.12
-21809.06
-21065.42
-17551.08
-18827.44
-18457.5
-18015.86
-15149.76
-16914.96
-17818.24
-17246.1
-16115.1
-15469.36
-15753.16
-15739.34
-16862.98
-18399.38
-14748.86
-15895.16
-17507.08
-16873.74
-19628.66
-17473.48
-17953.7
-16595.1
-16611.4
-17321.0
-17585.96
-15838.74
-16142.6
-16770.72
-18306.14
-14977.2
-15530.38
-15284.6
-16073.04
-15692.8
-16478.36
-15722.26
-15402.24
-16341.62
-16264.1
-15151.98
-14550.28
-15215.46
-14940.0
-15864.32
-16178.34
-14860.7
-16233.62
-16179.04
-14723.62
-14981.7
-16408.46
-15886.3
-15318.28
-16996.54
-16271.0
-16370.96
-17400.98
-16205.88
-17583.48
-15653.52
-15604.22
-16697.02
-15746.18
-16441.88
-16540.08
-17495.9
-17921.9
-15336.82
-16973.72
-15406.12
-16037.92
-14821.6
-15510.26
-15943.94
-17396.48
-16952.5
-15059.46
-15291.22
-15550.54
-16889.18
-17278.8
-16346.36
-16161.96
-15737.96
-15957.82
-15775.28
-15476.42
-15092.5
-15342.52
-16342.56
-15549.12
-16188.04
-15395.9
-16315.86
-14870.52
-14929.36
-15883.62
-16055.04
-15619.3
-15461.04
-15253.96
-15765.38
-15260.74
-15315.84
-16182.7
-15131.88
-17244.82
-16553.76
-15993.06
-15315.08
-15464.48
-16670.34
-14748.34
-14898.84
-16081.2
-15590.88
-15010.5
-14511.2
-14829.16
-13980.18
-16501.22
-15966.62
-15096.5
-15721.74
-14228.5
-15870.22
-15254.36
-16022.64
-15966.68
-16979.5
-16749.44
-16482.96
-16091.78
-17830.34
-17621.52
-16601.4
-17846.74
-18969.26
-17001.06
-16599.2
-16494.2
-16946.66
-16093.9
-17399.94
-16463.22
-16126.62
-15935.96
-16227.9
-15546.68
-17184.22
-16550.38
-15687.52
-16364.14
-16255.1
-15203.4
-15728.9
-15924.06
-16265.62
-15785.78
-16135.98
-15392.3
-15346.5
-14719.7
-16709.64
-14500.5
-15033.28
-16139.42
-15713.66
-15519.2
-16157.84
-15802.56
-15434.26
-15465.16
-16877.54
-16772.22
-16454.88
-15931.68
-17291.92
-17410.5
-16319.0
-16919.76
-17586.06
-16601.5
-17129.72
-16679.72
-17486.84
-16103.0
-15848.02
-16050.36
-14801.14
-15466.48
-15657.42
-16016.54
-15735.0
-15285.86
-15148.76
-15747.06
-14711.22
-14930.38
-15745.48
-16087.84
-14504.66
-16046.8
-15795.32
-15598.8
-15253.9
-16231.86
-14123.92
-14850.08
-15952.9
-15503.06
-15339.6
-14713.28
-14297.22
-15075.88
-14403.56
-15416.48
-14971.96
-15613.0
-13799.38
-14864.98
-15120.68
-15135.42
-15040.8
-15274.26
-16239.4
-14920.3
-15879.04
-15017.74
-15521.34
-15405.94
-14951.52
-15101.52
-15099.52
-15256.0
-14618.58
-15107.94
-14579.7
-15339.26
-15043.64
-14453.06
-15113.24
-14678.4
-15436.18
-15311.1
-15603.94
-15148.86
-16016.92
-15380.08
-14890.14
-15428.14
-14695.7
-15496.62
-15391.42
-15767.94
-15531.9
-14788.04
-15952.36
-13975.48
-15201.46
-15384.14
-15318.64
-15034.18
-14528.94
-15000.64
-14567.96
-15011.96
-15099.08
-15458.02
-15148.04
-15265.74
-15792.9
-15682.88
-15694.36
-15022.54
-14432.58
-14340.9
-15879.54
-14977.96
-14646.24
-15579.16
-14912.22
-15207.32
-14340.52
-14227.74
-14707.84
-14537.58
-15150.54
-15349.76
-15078.6
-14820.72
-15008.64
-15367.7
-14944.62
-15149.72
-15192.52
-15089.74
-15414.48
-15297.46
-14827.58
-15386.16
-16239.18
-15544.8
-15478.42
-15330.02
-14749.14
-15045.66
-15677.7
-15471.34
-15518.32
-14462.98
-15537.04
-15930.2
-15705.52
-15034.88
-15208.56
-15429.0
-15466.74
-14242.6
-15787.72
-15179.88
-15469.72
-14963.76
-14823.86
-15807.26
-16037.04
-15348.42
-16460.86
-15182.58
-16280.82
-15738.14
-15961.3
-16810.26
-15761.6
-16283.68
-14464.16
-15691.18
-16284.38
-15898.46
-15642.36
-15588.5
-15367.84
-16034.06
-16379.6
-16138.56
-14921.0
-14833.96
-15305.62
-15729.2
-16072.4
-15424.5
-15855.82
-15394.42
-15294.64
-14972.48
-16365.76
-15700.28
-14229.2
-15338.7
-15102.1
-15923.16
-15456.22
-15558.14
-15151.78
-16114.54
-15741.96
-15517.14
-15323.64
-15194.66
-15782.48
-15406.66
-14998.18
-17131.98
-14615.84
-15462.38
-15261.66
-15770.8
-15349.14
-15138.54
-14804.82
-14454.16
-15651.4
-14779.64
-15545.32
-15116.32
-15324.74
-14878.66
-15354.38
-15548.28
-16666.08
-15509.64
-15494.3
-16074.78
-15111.0
-15876.88
-15685.76
-15071.28
-14997.38
-15604.0
-15725.84
-15105.02
-16403.32
-15566.48
-16006.94
-15636.84
-15116.78
-15025.94
-15155.62
-14788.12
-15666.02
-14821.12
-15146.66
-14431.72
-15333.94
-15628.58
-16066.36
-16111.42
-14409.86
-15478.48
-15014.62
-15773.44
-15486.74
-15220.68
-16346.44
-15773.3
-15013.7
-14525.9
-13750.44
-14363.08
-14592.2
-15228.98
-15355.32
-15517.18
-15322.84
-14167.24
-15600.7
-15276.74
-14593.64
-14941.86
-15367.3
-15340.02
-15903.96
-14400.36
-16207.16
-15662.98
-15266.84
-15456.64
-15270.16
-15887.04
-15128.64
-15533.9
-15787.9
-14987.92
-16999.34
-15006.1
-16404.66
-15890.02
-15472.22
-15163.96
-15184.3
-15541.28
-15509.24
-13962.5
-16174.4
-15568.36
-15361.42
-14790.86
-15925.58
-16001.08
-15507.46
-15769.06
-15783.92
-16634.56
-16471.24
-15893.28
-15377.74
-16147.42
-13964.38
-15931.78
-15570.04
-15404.32
-14640.0
-14769.58
-16192.58
-15781.46
-15524.04
-15114.16
-15741.36
-14997.82
-14994.54
-15903.8
-14460.68
-15328.72
-15898.58
-16285.14
-15819.52
-14687.24
-15394.24
-15509.3
-16064.06
-15375.0
-15945.98
-15945.16
-17272.86
-15235.74
-15514.54
-16567.06
-15156.36
-16021.38
-15479.04
-16323.5
-14585.62
-15612.8
-17218.56
-14701.2
-15680.82
-16477.06
-15387.46
-15979.76
-16383.8
-15312.88
-16547.94
-15860.24
-14620.74
-16743.2
-15780.24
-15518.6
-15714.32
-15760.62
-16008.68
-15868.32
-15390.06
-16063.86
-16210.26
-16497.18
-15399.94
-15819.92
-16920.16
-15410.04
-15577.34
-15489.16
-16335.94
-14777.9
-15071.46
-15790.48
-15512.3
-15621.82
-15096.0
-15174.54
-14672.86
-15558.62
-15905.9
-15453.58
-15409.2
-15571.0
-15421.7
-16752.68
-15744.5
-15917.84
-15396.26
-15988.7
-16455.88
-15924.42
-15241.46
-15277.84
-15879.24
-15644.38
-15348.04
-15399.26
-16389.38
-15981.58
-15451.7
-16541.24
-15454.96
-15585.98
-15689.86
-15819.62
-15471.98
-15394.58
-15070.0
-15201.3
-15414.88
-15384.84
-15652.6
-15774.92
-15757.6
-15626.92
-14254.84
-16164.62
-14986.76
-15241.02
-15307.16
-15299.44
-14769.58
-15124.34
-15606.94
-16901.6
-15356.66
-15631.68
-16043.22
-15816.06
-16211.56
-15567.88
-15367.54
-15033.66
-15561.78
-14381.6
-16763.4
-16676.86
-15818.16
-16133.58
-16619.38
-15963.98
-16394.96
-16284.64
-15698.66
-15559.4
-14317.16
-15196.06
-15760.34
-14558.12
-15079.1
-16393.44
-15342.9
-16150.22
-16052.06
-15792.1
-16465.88
-14875.28
-15356.58
-14879.68
-15813.7
-15810.34
-15354.08
-16001.5
-15030.06
-15770.7
-14742.66
-14639.32
-15349.9
-15891.48
-15665.38
-15523.92
-15202.52
-15206.48
-15477.34
-15009.08
-14407.48
-15220.68
-16358.04
-14680.16
-15435.62
-15570.74
-16044.4
-14904.02
-15132.18
-16517.64
-16546.6
-15684.66
-15550.16
-15361.1
-14920.2
-14946.0
-15312.64
-16252.6
-16429.0
-15408.3
-15539.68
-15814.76
-15212.88
-16351.36
-15691.58
-15719.22
-15532.04
-15722.8
-15313.36
-15275.16
-15467.72
-14841.22
-14746.9
-15900.02
-15850.9
-16132.52
-14734.92
-16007.26
-15495.08
-15397.7
-15952.08
-15542.88
-14556.28
-15477.6
-14834.4
-15551.14
-15022.66
-14871.82
-16136.68
-15936.96
-15387.92
-17037.44
-15248.6
-15537.88
-16318.36
-15572.96
-14896.4
-16635.38
-15589.18
-14693.16
-16935.66
-16633.06
-15161.96
-16219.32
-16752.96
-15700.62
-15401.62
-15378.12
-14690.44
-15535.72
-16691.14
-14682.08
-15690.22
-15974.1
-16378.26
-16110.96
-16308.32
-14846.68
-16561.36
-14869.94
-16138.12
-15594.96
-15801.58
-15676.12
-14835.26
-16255.7
-15917.68
-16295.44
-14822.5
-15396.86
-14273.76
-16355.52
-15526.0
-15270.7
-16190.28
-15939.12
-15579.7
-14270.24
-14739.38
-15180.6
-14550.74
-15739.28
-16015.38
-15040.86
-15644.92
-15202.48
-15628.08
-16073.78
-15436.16
-15103.34
-15755.56
-14901.48
-15106.08
-15877.66
-15377.6
-15608.22
-15740.16
-15191.34
-15690.4
-15626.7
-15633.72
-16087.54
-14903.26
-13957.34
-15163.68
-15038.2
-15957.22
-15114.36
-15589.76
-14814.32
-14652.6
-14878.02
-15170.58
-16348.28
-15524.42
-14508.34
-14503.12
-15631.3
-15280.04
-16831.12
-16220.32
-14945.36
-15445.94
-15365.88
-14429.24
-15092.62
-16323.04
-14707.1
-16293.88
-16364.62
-16078.26
-15708.52
-15772.06
-14770.9
-15371.16
-15313.88
-15405.1
-16098.58
-15246.16
-15243.82
-15623.06
-15662.28
-14891.46
-15348.72
-14554.96
-15271.18
-14889.2
-15535.02
-16066.38
-14790.36
-15964.96
-14706.08
-14583.24
-15878.28
-15934.86
-15801.36
-14529.62
-14932.34
-16643.52
-14614.6
-14056.42
-15597.36
-16091.16
-15752.14
-16455.6
-16160.04
-15564.92
-16947.46
-15503.28
-15288.54
-15121.68
-15936.48
-15212.88
-16215.1
-15378.16
-15578.58
-15185.7
-15450.16
-15323.16
-15847.06
-16156.52
-15764.64
-15633.0
-16116.28
-15173.42
-15190.32
-14496.58
-15106.12
-14734.22
-15522.28
-14148.8
-16222.38
-14490.94
-14922.18
-15493.28
-15294.82
-15303.72
-16069.48
-15860.92
-14820.24
-15540.64
-15279.42
-15449.16
-15409.2
-15079.86
-15135.7
-16404.7
-15605.72
-14750.14
-14921.76
-15711.92
-15554.54
-14965.52
-15954.52
-15296.74
-15160.8
-16372.26
-17585.94
-16092.72
-17279.2
-16015.52
-16631.74
-17097.12
-16078.64
-16085.86
-18211.84
-16075.88
-16571.28
-16691.02
-17466.7
-16249.62
-17248.52
-17745.12
-16481.42
-16289.7
-17244.92
-16944.26
-16490.04
-14991.66
-15992.9
-17142.32
-15707.64
-15599.98
-16185.06
-16531.74
-15513.56
-16549.12
-15905.86
-15153.64
-16265.76
-16228.04
-14888.12
-15346.4
-15773.72
-15266.82
-16683.8
-15268.1
-15875.96
-16191.78
-16046.9
-16410.94
-16072.26
-15391.72
-15822.1
-16371.4
-16569.28
-15293.6
-15073.54
-15285.52
-16391.7
-16199.32
-16137.6
-16206.58
-16087.72
-15546.06
-15412.66
-15143.96
-16313.52
-15038.02
-15169.18
-15589.32
-15036.18
-15853.48
-16633.8
-15897.84
-15074.98
-16185.84
-16902.6
-16568.58
-16235.16
-14632.18
-15576.72
-16049.24
-16137.16
-16305.88
-15463.96
-16310.5
-15576.18
-15509.3
-16826.58
-14863.62
-16140.26
-16439.0
-16353.8
-16527.4
-14909.9
-15094.62
-15944.88
-16451.68
-15994.16
-16984.7
-16143.22
-16012.76
-15313.18
-15371.68
-16407.18
-16692.08
-16105.64
-16699.92
-16227.8
-16048.48
-17386.9
-15722.66
-14242.16
-15982.6
-14593.28
-15375.06
-15595.6
-15480.06
-15131.14
-15237.8
-15813.64
-16190.38
-15766.3
-15720.34
-15924.44
-16048.16
-17033.44
-15953.5
-15976.14
-16877.06
-16624.48
-16792.18
-15854.08
-15956.04
-16427.64
-16646.18
-15695.08
-17718.24
-17639.38
-18142.96
-18763.04
-18004.94
-17199.92
-17911.2
-17756.16
-16770.58
-17344.1
-17735.94
-17078.62
-17714.38
-17444.02
-16763.06
-16409.88
-16910.6
-16930.06
-15698.28
-14429.54
-17390.62
-16195.32
-16293.42
-16974.96
-16620.4
-15785.26
-16608.88
-16116.3
-16371.92
-15717.86
-15976.78
-15915.06
-16655.56
-14841.14
-16020.82
-14820.94
-16168.88
-15053.9
-16410.3
-15954.32
-16787.52
-15160.68
-15817.46
-15258.26
-16405.0
-16201.64
-16971.02
-16421.68
-15550.76
-15479.2
-17311.04
-17380.66
-15985.5
-15366.26
-15319.78
-15561.98
-16242.1
-15841.98
-15637.6
-15274.1
-15053.74
-15935.58
-15897.68
-15822.24
-15658.96
-16023.92
-15188.06
-15916.76
-14787.98
-15759.66
-16777.74
-15329.04
-15342.42
-16115.72
-16083.64
-14640.76
-15924.96
-15979.16
-15710.36
-16545.58
-15645.32
-16690.28
-16156.26
-15422.98
-16227.78
-16510.12
-16955.98
-15933.72
-15496.54
-15725.62
-15937.6
-16702.56
-16503.86
-15664.84
-16156.08
-16989.42
-15382.48
-16299.14
-14852.08
-14998.78
-15910.3
-16705.22
-14880.52
-17500.38
-15777.02
-17395.32
-15896.0
-16717.84
-16228.86
-16485.1
-16349.54
-14839.02
-16075.42
-16687.78
-15704.8
-17474.96
-16408.48
-15589.86
-15670.3
-16305.58
-15338.94
-15975.06
-15132.98
-16674.46
-14834.06
-15116.24
-16156.34
-15628.68
-15732.38
-15173.26
-15621.18
-16208.48
-16197.32
-16749.96
-16084.64
-16092.28
-16633.56
-16726.62
-16090.56
-15805.7
-15478.22
-15336.62
-16104.6
-15544.5
-15761.66
-15294.44
-16195.58
-16253.14
-15854.64
-16962.02
-15797.44
-14814.18
-15887.1
-16734.72
-15564.66
-15932.56
-14140.08
-15211.16
-15986.78
-15411.82
-15873.76
-14980.68
-15290.1
-15726.0
-14996.2
-16458.54
-15982.06
-16122.6
-15797.76
-15595.28
-15614.36
-15930.76
-14783.74
-15575.94
-16485.96
-16079.06
-15318.36
-15271.04
-13677.16
-15165.72
-16135.48
-15078.42
-14839.48
-15009.56
-15690.2
-14728.82
-14634.5
-15172.12
-15966.24
-14506.32
-15696.2
-14867.56
-14979.2
-14663.9
-14755.06
-14397.52
-14946.38
-15348.0
-16180.06
-15705.12
-15639.96
-14208.68
-15585.96
-16093.16
-15690.92
-15352.54
-14576.68
-15008.88
-15342.4
-16544.72
-15359.4
-15599.56
-16479.7
-15364.34
-15446.12
-15404.04
-15832.94
-14893.88
-16167.4
-15469.92
-15521.88
-14648.7
-17061.66
-15033.96
-15897.64
-14919.16
-14942.74
-15033.06
-16483.64
-14827.16
-15927.06
-15154.58
-14930.98
-15334.3
-15328.86
-15449.06
-15952.82
-16445.24
-15632.3
-14221.54
-15156.34
-15860.42
-16002.36
-16619.12
-16273.92
-15653.14
-15730.9
-16218.92
-15578.98
-15727.1
-15200.48
-15435.14
-15674.16
-15082.52
-14745.14
-15902.8
-16082.54
-15580.1
-14942.14
-17218.14
-15809.54
-16135.7
-14840.9
-15245.88
-15485.52
-15105.82
-16109.38
-15424.22
-15927.22
-15550.44
-16240.54
-16221.0
-16526.8
-16511.96
-15188.02
-15718.68
-14592.52
-15687.84
-15247.94
-15595.12
-15450.86
-15397.38
-15328.42
-15693.8
-14866.14
-16115.2
-15529.6
-14944.72
-15664.54
-15187.86
-15614.14
-15169.32
-14243.5
-16520.46
-15420.2
-16664.54
-15744.16
-15193.42
-14784.44
-15295.3
-15721.76
-15070.06
-14984.64
-14444.38
-15474.72
-15462.74
-15868.72
-15756.0
-15022.58
-14385.18
-15427.8
-14849.1
-14570.3
-15180.46
-15373.64
-15239.14
-16631.76
-14031.82
-15723.48
-14407.22
-14855.14
-14979.86
-15250.62
-15252.52
-15338.64
-15335.5
-15639.38
-13916.04
-15513.1
-15383.9
-14639.8
-15408.88
-15755.1
-15090.58
-16198.88
-14528.96
-15067.68
-15712.54
-17008.5
-14980.4
-15953.18
-14834.4
-17247.34
-15171.2
-15754.88
-16915.42
-16240.74
-14987.06
-15443.54
-15021.54
-14894.36
-16157.16
-15563.68
-15589.14
-16024.84
-15828.32
-15220.84
-16154.86
-15267.72
-14830.84
-15227.74
-14589.96
-15137.98
-14802.06
-15255.56
-15419.66
-14475.12
-15619.76
-15728.86
-16177.12
-16471.14
-16258.5
-16943.9
-15363.28
-16057.1
-15099.66
-15685.02
-15229.06
-15326.26
-15330.2
-15548.86
-15263.6
-16173.96
-16003.18
-16299.66
-15520.36
-14237.94
-15305.32
-14538.5
-15345.86
-14915.92
-16900.12
-15355.28
-16070.02
-15175.08
-16663.52
-15061.1
-15996.3
-17729.08
-17627.88
-16064.04
-15359.6
-16850.62
-17242.94
-17544.52
-16780.92
-17012.12
-14919.14
-15932.26
-16957.96
-16739.52
-16961.68
-16016.6
-17165.28
-15752.8
-15381.1
-17083.0
-16134.66
-15620.42
-16407.7
-15385.6
-15407.9
-14879.16
-14760.26
-16043.48
-15769.1
-16158.7
-15107.52
-16426.9
-16848.44
-17147.42
-16744.68
-15560.32
-16455.36
-15320.24
-14845.92
-15009.06
-15655.42
-15115.1
-16156.42
-15343.9
-14658.1
-15323.04
-15947.64
-15061.92
-15779.12
-15554.5
-15330.24
-14461.42
-16202.8
-15409.42
-16274.8
-16296.34
-14877.96
-15740.14
-16913.38
-15094.64
-15303.64
-15875.52
-15451.62
-16548.66
-16533.24
-15925.24
-16313.4
-16338.96
-16755.82
-16852.44
-16461.24
-17166.66
-17095.26
-18464.66
-16443.28
-18004.64
-15889.52
-15622.6
-16991.64
-16294.36
-16261.76
-16747.76
-17545.92
-18361.04
-16707.46
-17298.28
-16384.24
-16966.86
-16082.64
-17732.92
-16120.3
-16812.26
-15553.46
-17403.4
-16202.52
-16187.68
-16927.76
-16106.0
-17593.94
-17456.08
-16105.88
-15886.64
-17142.14
-17365.22
-16293.76
-16836.18
-16154.58
-17110.46
-16915.42
-16280.42
-16769.16
-16016.16
-16505.94
-16611.92
-16264.98
-15676.48
-16826.82
-16671.0
-17165.22
-16995.5
-18185.98
-18598.82
-19264.7
-18069.3
-19013.46
-17838.6
-17011.08
-17845.68
-17093.34
-15498.4
-16599.6
-17708.5
-15568.06
-16121.32
-16025.56
-15401.04
-15086.74
-16197.12
-15831.42
-15536.0
-15163.48
-15069.48
-16062.96
-16282.84
-15580.16
-15042.7
-15674.54
-17637.52
-15919.8
-15832.18
-16145.18
-16948.34
-15676.52
-16080.4
-15634.22
-15298.52
-15707.04
-14628.58
-15658.64
-15568.24
-14620.92
-15353.78
-15189.58
-14809.94
-16033.26
-15721.98
-15761.56
-15083.5
-14853.5
-15140.42
-14831.32
-15656.86
-15561.12
-17137.22
-15245.3
-15583.18
-15218.76
-16062.84
-16074.34
-16739.12
-16777.38
-16390.24
-15442.44
-16226.6
-16086.98
-15363.66
-16212.6
-14723.36
-16774.34
-15687.58
-15593.42
-16536.24
-15340.82
-15143.28
-15240.34
-15148.2
-15335.64
-16154.94
-14717.86
-15741.78
-15485.24
-15273.96
-15075.48
-15497.44
-15309.88
-15455.7
-17092.56
-14880.5
-15975.92
-15078.22
-15666.84
-14958.5
-15264.8
-14630.54
-15413.78
-15501.12
-15582.46
-16637.16
-16294.18
-15553.42
-15954.08
-15839.86
-15333.26
-15896.08
-15982.64
-15507.54
-15395.46
-15696.12
-15743.86
-16944.08
-15491.1
-15696.6
-16985.16
-15981.1
-15147.8
-14588.2
-15305.24
-15368.08
-15998.34
-16151.06
-15070.06
-16946.98
-15733.9
-15312.24
-15281.18
-15648.52
-16088.3
-15517.0
-16010.16
-15676.36
-15305.06
-15233.26
-15228.38
-15402.62
-16109.66
-14148.88
-16192.4
-14631.38
-15543.9
-15923.06
-15763.0
-15175.82
-15743.66
-14206.14
-15354.16
-15722.3
-15231.48
-14865.72
-16115.56
-16144.62
-15681.06
-14842.68
-16489.12
-15660.18
-14203.92
-16215.94
-16493.74
-15491.92
-15509.0
-16567.58
-14533.42
-14517.12
-15334.74
-14723.4
-15219.76
-14360.22
-14296.18
-15783.54
-15119.54
-15819.0
-16434.64
-15336.66
-16089.04
-15469.92
-15052.64
-17282.86
-16059.74
-15275.54
-15909.8
-16825.38
-17251.52
-17049.14
-14744.4
-16112.5
-16021.1
-15744.98
-14908.06
-15738.7
-15223.02
-16107.22
-17145.04
-15604.82
-15570.3
-14947.78
-15850.72
-16064.58
-15839.92
-14398.34
-15950.8
-15091.36
-14934.04
-16654.26
-15493.04
-15287.78
-16232.08
-14672.18
-16282.54
-16275.76
-15674.18
-16378.68
-15277.22
-15409.54
-16682.7
-15163.46
-15705.2
-16988.54
-16520.22
-15976.44
-16904.66
-16780.22
-15882.24
-15753.78
-15921.66
-16397.64
-15171.7
-14095.7
-16610.76
-14083.92
-14791.18
-15520.9
-16109.12
-15970.24
-15400.38
-14997.86
-14764.06
-14297.48
-16431.0
-15680.24
-14926.74
-15422.46
-16009.5
-16093.24
-17208.86
-15340.5
-17439.58
-16481.72
-16220.16
-15450.94
-15575.98
-15700.92
-16736.34
-16054.64
-16422.04
-16883.1
-15375.48
-15426.42
-16065.26
-15338.1
-17011.02
-15798.22
-15508.6
-15844.74
-15171.3
-16729.54
-16116.0
-15829.34
-15261.7
-16316.3
-16956.92
-16286.66
-15536.52
-14940.62
-15585.76
-16058.58
-17381.04
-16466.38
-16198.76
-15179.78
-17730.08
-15382.4
-14980.54
-16090.84
-15655.42
-13996.12
-15167.72
-15028.64
-15463.16
-16906.24
-15662.38
-15060.4
-15152.34
-15927.72
-14868.18
-15650.88
-15705.64
-15787.76
-15848.22
-15472.7
-15336.14
-15347.26
-15528.74
-15437.58
-15167.34
-14911.14
-15926.38
-16066.08
-15929.04
-15761.24
-15760.86
-15159.92
-14217.68
-15793.66
-15935.44
-15247.34
-16152.46
-14720.84
-15213.14
-14690.66
-15334.68
-15481.86
-15270.16
-14502.52
-14500.76
-15279.12
-16268.78
-15646.74
-14365.36
-16356.82
-15479.64
-15190.08
-15239.78
-14343.8
-16378.64
-15679.52
-15718.3
-14946.52
-14619.0
-16091.02
-16699.76
-15468.82
-15458.68
-15607.9
-15181.0
-14845.0
-15754.52
-15078.14
-15222.2
-16206.82
-15863.28
-14853.9
-16311.7
-15279.24
-14857.1
-15684.82
-16118.52
-15863.86
-15870.0
-14961.7
-15614.04
-15231.62
-15374.68
-14851.94
-15296.2
-14890.76
-14876.16
-15156.38
-15072.74
-15741.12
-15274.5
-15163.0
-15138.62
-14914.98
-14496.56
-15930.4
-14807.76
-14902.56
-14745.66
-15038.9
-15710.62
-16304.92
-15066.78
-15372.14
-15266.06
-15483.94
-15183.34
-16448.98
-15705.36
-15402.76
-14680.22
-15609.78
-14571.34
-14906.34
-15039.2
-15309.62
-15288.9
-15594.8
-15676.56
-14529.1
-15122.16
-15850.54
-14878.54
-14284.68
-14606.46
-15241.72
-15160.96
-14988.42
-15989.1
-15697.14
-17011.48
-15543.18
-15392.6
-16807.84
-15337.78
-15354.66
-14891.36
-15211.88
-15472.04
-14843.84
-15212.8
-15451.26
-15735.44
-16369.96
-15237.26
-15457.56
-14414.46
-16284.28
-16134.58
-15138.44
-14399.94
-15062.28
-15284.4
-15088.18
-16111.82
-15644.1
-15150.96
-15020.12
-15439.26
-15550.04
-15315.04
-14946.52
-14512.5
-15110.8
-15535.24
-15899.96
-15323.52
-15864.16
-15836.42
-15582.7
-15487.2
-15248.82
-14842.72
-14444.42
-14412.48
-15304.66
-15298.74
-16045.86
-15146.36
-15376.2
-14759.44
-15335.34
-15124.7
-15277.34
-14394.6
-15099.6
-14889.32
-15224.86
-15534.8
-15969.3
-15038.04
-15854.04
-14768.86
-15497.0
-14907.4
-15050.98
-15262.72
-15263.84
-15067.54
-15317.56
-15050.72
-15883.16
-15395.84
-14406.94
-14708.58
-14688.78
-15185.92
-16312.94
-15589.24
-16023.38
-16106.02
-15747.02
-14987.1
-15104.36
-15293.18
-15879.16
-14797.82
-15286.38
-16451.66
-15456.54
-15702.36
-14598.74
-15384.5
-14592.58
-15954.48
-16469.88
-15320.48
-15394.5
-15075.32
-15429.12
-15362.3
-16579.78
-14652.7
-14628.38
-15667.5
-15893.94
-15100.9
-15263.58
-15290.8
-15828.06
-14963.98
-16131.34
-16020.46
-15930.52
-15333.1
-15314.92
-15138.4
-15795.06
-15259.66
-15726.44
-15305.5
-15156.26
-15629.84
-14533.9
-16397.7
-15454.54
-15182.86
-14458.12
-15552.14
-15148.76
-15151.14
-16381.5
-15851.76
-14440.18
-15701.58
-15792.46
-15345.68
-15706.66
-15711.02
-16312.28
-16019.5
-14698.74
-14863.74
-15668.12
-15723.22
-15291.24
-15584.84
-15289.7
-15090.42
-16149.1
-15246.62
-14793.8
-14991.64
-15647.06
-16872.16
-16449.86
-15354.22
-15818.64
-15143.58
-16250.74
-15591.48
-15191.42
-14896.8
-15087.08
-16273.48
-16065.38
-15236.78
-15449.44
-14792.66
-15466.84
-15613.3
-15574.62
-16243.9
-15070.54
-15508.42
-15183.06
-15334.68
-16060.54
-15633.22
-14643.74
-16233.04
-15732.24
-14802.82
-16504.92
-15036.78
-15187.82
-14983.4
-15526.48
-15679.44
-14454.98
-14999.32
-15536.9
-15285.18
-15580.68
-15199.4
-15839.94
-15801.04
-15321.28
-15404.26
-16183.38
-15340.3
-14728.32
-15422.16
-15697.24
-15934.14
-14718.72
-16109.08
-15444.58
-15339.38
-14876.34
-14989.56
-14861.62
-15610.7
-15246.92
-14432.04
-14782.9
-15177.92
-15054.12
-15187.06
-15856.36
-14692.16
-15281.54
-14795.68
-15467.06
-15816.16
-16005.1
-14401.76
-15245.72
-14698.56
-15779.22
-14917.42
-15042.86
-14731.78
-14318.72
-14611.92
-14875.62
-16275.62
-15225.68
-15205.24
-14425.88
-14844.74
-15281.58
-15825.32
-14769.12
-16563.38
-15003.38
-13837.02
-15235.22
-15290.12
-15164.24
-15917.84
-16080.14
-15346.56
-15509.84
-16561.66
-14510.32
-15573.74
-15979.0
-14768.14
-14665.62
-15408.2
-16082.96
-15744.52
-15813.48
-15508.7
-17143.32
-14827.0
-14550.1
-15207.24
-14823.96
-16521.5
-14602.82
-15932.78
-15348.68
-16527.02
-14893.7
-15562.38
-15067.76
-14401.26
-14918.44
-14774.0
-14972.88
-14603.12
-13769.0
-14900.96
-14665.54
-15313.54
-15014.04
-15025.64
-15668.6
-15151.16
-15629.04
-15256.14
-14953.46
-15450.86
-15846.78
-16176.18
-14820.78
-15585.2
-15054.9
-15376.66
-14447.46
-15310.4
-16016.08
-14932.04
-15068.52
-14560.04
-15853.64
-14879.46
-15697.74
-15671.78
-15584.34
-16285.26
-15510.62
-15078.38
-16304.86
-17288.16
-14579.18
-15827.84
-16434.64
-16004.4
-14810.08
-17084.94
-15041.18
-15939.84
-15309.32
-16288.74
-15189.72
-15403.5
-14889.14
-15421.24
-14421.34
-14905.14
-15378.36
-15059.7
-14991.72
-15744.02
-14009.18
-14752.4
-15795.12
-15035.4
-15607.58
-15283.42
-14249.44
-13762.82
-16848.32
-15803.16
-15024.82
-15693.2
-16082.52
-15834.06
-15590.68
-14932.22
-15558.06
-14804.36
-15911.92
-16292.14
-15247.44
-15383.36
-15687.56
-15057.82
-14899.5
-14601.3
-15648.26
-14324.48
-15719.44
-14854.4
-15355.7
-15916.78
-15163.02
-14696.12
-15026.46
-15597.04
-14485.72
-14910.62
-15734.52
-15572.74
-15016.76
-15987.26
-15123.82
-15290.96
-16306.34
-14792.04
-14674.44
-14904.08
-16450.46
-16396.0
-16477.22
-15745.66
-15957.98
-15718.5
-16229.68
-15561.3
-16104.58
-16608.08
-15847.44
-15672.28
-16495.62
-15665.3
-15429.52
-16331.64
-15059.16
-14990.78
-16460.32
-15890.54
-15868.72
-16077.74
-15209.28
-14840.2
-16260.46
-15112.0
-15113.84
-16001.42
-15508.34
-15628.66
-16399.52
-15320.86
-15647.24
-15040.92
-15495.14
-13954.38
-16506.08
-15364.56
-15137.5
-15994.52
-15379.9
-15716.16
-16924.16
-15317.74
-15128.54
-15622.28
-15745.8
-16219.24
-15758.5
-15962.78
-16355.68
-16236.64
-16149.42
-15763.96
-15250.56
-17900.26
-16105.14
-15779.84
-15886.64
-16252.98
-16316.52
-17472.08
-16136.4
-16665.08
-16882.14
-15749.7
-15797.02
-14630.7
-15906.12
-16031.72
-16201.58
-16066.12
-15279.44
-16511.84
-16449.82
-15526.6
-15270.0
-15702.72
-14809.32
-14949.54
-14982.68
-16511.6
-14364.68
-16102.96
-15223.8
-15444.06
-16846.26
-15623.6
-16815.88
-16976.86
-15917.72
-15200.16
-14324.22
-15791.46
-16565.6
-15903.02
-16536.46
-16111.0
-17223.9
-15618.9
-15798.12
-16616.14
-17156.76
-15601.98
-17396.38
-15628.62
-15878.24
-16032.46
-15917.84
-16145.64
-15882.0
-16116.08
-15296.78
-15552.28
-16306.02
-15018.96
-15816.1
-15979.44
-14732.3
-16032.58
-14918.3
-15865.7
-15280.56
-15501.66
-15740.66
-16222.82
-15512.66
-16382.52
-16347.12
-15787.36
-15332.68
-14401.98
-15571.74
-15458.82
-15615.32
-15597.9
-15455.9
-16256.36
-15115.86
-16240.04
-15691.8
-16457.52
-15886.12
-15065.32
-15048.76
-15060.3
-16158.74
-15245.14
-15512.38
-16005.44
-15055.16
-15802.98
-16633.9
-15571.22
-16285.54
-14732.16
-15482.14
-16570.24
-15099.4
-16821.18
-14921.24
-15726.08
-15966.08
-14098.84
-16128.32
-15712.36
-15579.12
-15310.46
-15354.12
-14866.1
-14412.1
-16042.98
-15045.84
-15279.06
-15646.48
-16431.86
-15399.62
-16573.2
-15435.64
-16086.76
-15301.08
-14396.56
-15736.48
-16024.28
-14967.26
-16591.16
-15910.6
-14866.42
-15777.08
-14903.86
-14973.18
-16138.06
-15221.78
-16595.76
-15198.06
-15526.84
-15787.42
-15744.88
-15511.06
-15678.42
-16215.6
-15843.1
-16395.6
-16238.24
-15985.2
-16022.78
-15719.84
-14992.92
-15500.9
-15992.66
-15500.44
-16072.0
-15539.3
-15887.5
-15355.14
-15355.0
-15163.54
-14745.98
-15690.6
-15651.92
-15471.38
-14221.8
-15707.92
-15656.04
-16738.08
-15712.74
-15215.62
-15734.02
-15580.04
-15080.82
-16155.84
-16392.12
-15412.3
-15391.3
-16015.08
-16075.54
-15953.34
-15554.2
-15682.64
-16719.98
-14696.14
-15579.98
-15508.76
-16047.34
-15808.08
-16374.24
-15434.86
-15368.88
-16253.54
-15851.24
-15601.12
-14858.6
-15966.78
-15253.4
-15779.5
-15582.5
-15368.4
-15544.6
-16269.94
-15416.58
-15602.08
-16120.14
-15114.58
-16586.56
-15842.66
-15697.7
-15176.58
-16597.16
-15081.86
-14948.62
-15310.56
-16633.52
-15481.86
-15547.24
-15848.36
-14783.0
-15638.02
-16223.8
-14969.56
-16287.86
-15004.32
-15127.48
-15280.6
-15872.4
-15970.18
-17193.48
-16453.76
-16029.98
-15598.76
-15486.4
-16623.5
-15444.92
-17165.58
-15398.64
-15871.14
-15596.5
-15001.98
-16504.46
-17131.04
-15965.6
-15518.86
-15732.82
-16768.76
-15803.7
-15666.76
-15673.28
-16617.1
-16349.72
-15179.66
-15419.38
-16467.26
-16531.52
-15225.8
-16008.6
-16545.0
-15889.98
-15919.74
-16590.38
-16750.16
-14835.82
-16568.58
-15915.72
-15309.4
-15901.24
-15937.1
-14742.62
-14551.28
-15205.88
-14644.32
-15747.86
-16072.66
-16060.84
-15770.64
-15302.14
-15885.14
-15490.22
-15499.98
-15537.14
-16497.1
-15275.9
-15007.38
-14955.66
-15609.68
-15318.24
-14923.14
-14722.42
-15487.34
-15659.6
-15814.88
-15408.54
-15329.2
-15362.38
-15342.32
-15466.98
-15489.8
-15033.92
-15656.48
-15234.54
-15286.38
-16152.42
-15741.76
-16748.64
-15083.92
-16473.36
-14776.94
-15203.82
-16081.58
-16488.28
-15807.8
-16456.5
-15965.76
-15998.18
-15365.22
-16229.48
-15807.5
-15814.26
-15240.94
-15530.66
-14175.02
-15843.62
-16188.1
-15230.7
-14765.06
-15540.56
-14884.52
-15954.14
-14822.96
-15721.92
-14888.22
-14417.16
-16120.38
-16766.18
-15277.04
-15179.62
-14843.22
-15061.78
-16466.54
-15490.46
-15474.06
-15464.52
-15774.46
-15906.24
-15272.44
-13978.12
-15578.7
-15209.76
-15581.22
-15594.12
-15958.82
-15303.26
-15851.42
-14417.1
-14971.32
-16018.08
-15137.06
-16117.94
-14864.86
-15056.46
-14825.94
-16157.84
-16179.88
-14867.64
-15851.58
-16086.24
-15492.36
-15488.0
-15609.64
-14574.54
-17636.76
-14726.04
-15395.26
-15262.66
-15845.18
-16362.78
-16446.16
-16269.8
-15444.74
-17003.8
-16030.48
-15870.88
-15091.46
-15798.04
-15346.98
-15377.36
-15628.82
-15417.54
-16322.2
-15871.86
-16113.28
-16484.92
-16182.66
-16175.64
-15647.62
-16655.18
-14704.36
-15508.26
-16722.8
-15497.82
-16413.88
-15661.38
-14371.24
-15182.04
-16637.94
-15596.46
-15142.56
-15515.46
-15868.82
-15827.2
-16584.0
-15694.78
-14653.14
-15567.32
-17045.06
-15847.32
-15740.42
-15794.12
-15736.74
-15896.14
-15362.14
-14858.24
-15210.76
-16179.38
-15903.24
-15680.22
-14759.22
-15367.26
-14620.8
-15321.44
-14963.84
-15128.6
-15487.86
-16313.6
-16104.58
-15138.54
-14997.46
-15786.98
-14681.96
-15298.66
-15831.38
-15853.56
-15126.3
-15322.78
-15490.52
-16009.74
-15195.16
-15222.84
-15377.6
-15135.36
-15138.04
-15912.28
-15436.62
-14926.82
-15395.28
-15676.4
-15087.78
-15333.34
-15144.96
-14732.38
-15430.42
-15319.36
-14961.02
-15857.84
-16141.52
-15406.52
-15472.7
-16305.0
-15420.2
-15449.64
-15476.22
-15169.68
-16418.44
-15950.32
-15300.12
-16060.06
-16162.52
-14322.8
-14991.74
-16101.36
-15750.08
-16230.64
-15487.48
-16117.08
-15180.28
-16600.08
-15746.56
-15863.3
-15751.2
-15103.96
-15024.48
-15160.18
-15450.94
-15389.34
-15489.32
-16014.44
-15363.68
-15677.64
-15537.24
-15413.5
-15449.48
-14870.14
-16548.24
-14828.0
-16985.48
-15007.52
-15644.78
-15421.2
-15638.78
-15755.0
-14728.18
-15168.78
-14778.94
-15660.92
-16054.62
-15915.38
-16278.26
-15218.84
-15222.82
-15827.18
-15377.66
-15156.36
-15677.42
-16821.0
-15191.46
-14668.98
-15042.84
-15430.84
-17039.3
-15876.74
-15771.48
-15587.52
-15435.62
-15921.56
-15315.8
-16018.94
-16350.26
-15862.26
-15390.5
-15966.34
-15947.88
-14825.58
-15037.92
-15642.2
-15897.76
-15694.1
-15696.0
-17242.08
-15408.56
-15895.34
-15152.54
-16316.66
-15155.92
-15482.76
-15593.54
-15478.64
-16674.86
-15846.28
-16101.36
-15003.6
-14724.14
-16279.78
-15294.54
-14817.6
-16250.26
-15143.64
-15696.92
-15489.08
-15254.32
-16655.44
-16715.8
-16064.98
-15536.0
-15905.92
-16083.76
-15942.04
-15358.8
-15449.04
-17261.84
-15168.76
-15447.16
-16339.32
-14845.0
-15819.78
-16443.54
-16095.04
-16496.28
-15090.02
-15052.58
-15668.26
-17187.22
-15561.12
-15877.46
-15890.48
-15778.94
-14637.48
-15510.12
-16197.04
-16951.74
-15411.22
-15619.06
-16505.46
-16560.72
-16430.9
-15491.16
-15636.24
-14987.94
-14683.2
-15908.34
-15255.42
-15369.16
-13950.32
-16723.44
-16496.26
-16769.8
-14739.86
-16545.22
-15156.62
-15007.5
-16811.86
-16030.42
-14895.82
-16030.12
-16659.66
-15874.12
-16146.9
-16583.96
-16422.36
-15555.68
-17193.5
-15902.52
-15556.2
-15150.92
-16497.68
-16131.6
-16220.32
-16867.26
-16944.76
-16665.34
-15293.42
-15665.16
-16961.5
-17449.98
-17120.6
-16565.88
-15329.38
-16573.72
-16473.7
-15781.42
-16810.02
-15594.74
-15538.08
-15488.46
-15888.02
-15160.22
-15833.2
-15350.54
-17042.68
-17089.96
-16359.0
-16742.34
-16338.88
-15694.48
-15212.0
-17092.02
-15472.96
-15422.54
-16059.88
-18426.96
-16521.94
-15684.28
-16091.04
-15592.14
-15181.78
-15810.26
-15815.7
-15776.42
-16450.68
-16265.94
-15940.68
-15737.06
-15679.68
-16117.02
-15656.8
-15995.52
-16708.94
-15647.46
-16385.48
-15813.34
-16280.26
-15683.34
-15572.98
-15456.68
-15349.88
-16191.98
-16569.28
-16275.24
-15489.02
-15574.56
-15975.5
-14947.18
-15406.64
-15245.62
-14783.56
-15537.68
-14660.0
-16196.4
-15511.96
-15789.9
-15791.94
-15742.3
-16126.86
-16134.3
-15617.04
-16219.94
-14985.42
-14962.3
-15822.64
-16384.7
-16156.24
-16296.3
-15548.3
-16202.4
-15012.22
-15593.22
-16537.04
-16090.08
-14488.26
-15206.92
-16285.96
-15680.34
-15219.8
-15729.42
-15619.64
-14883.8
-15443.58
-15728.42
-15193.26
-15172.14
-15922.26
-16397.74
-15677.8
-15318.86
-15242.06
-15654.84
-15550.84
-15627.42
-14953.12
-15621.48
-15615.58
-15879.3
-15386.42
-15396.08
-15518.98
-16623.62
-15725.0
-15577.82
-15685.54
-15364.62
-16079.14
-14866.18
-14982.7
-15920.76
-15682.66
-15595.22
-15247.92
-14457.96
-15192.1
-15148.64
-14979.56
-15064.32
-15742.14
-15606.22
-15351.42
-16093.1
-14522.32
-15828.64
-16188.56
-14890.9
-14634.02
-15343.5
-15472.14
-15492.1
-16048.22
-16104.28
-16044.7
-14697.86
-15590.54
-14628.8
-15808.26
-15278.64
-16261.14
-15822.3
-14421.24
-15743.66
-16246.22
-14909.64
-15176.82
-15949.52
-15508.56
-15825.02
-16330.56
-16230.9
-15706.86
-15346.06
-15367.24
-15197.84
-16017.1
-15629.86
-16086.12
-15795.34
-14978.62
-15348.3
-16059.66
-15235.42
-15375.46
-16261.96
-15181.58
-14997.3
-14700.02
-15329.34
-15151.02
-14452.62
-15610.62
-15290.72
-14978.98
-15215.42
-14984.4
-15296.18
-14350.8
-14109.44
-14758.82
-16999.64
-15526.38
-15629.02
-15028.72
-15968.28
-15946.08
-16072.34
-16066.98
-15161.68
-15269.76
-16493.14
-15410.06
-14432.22
-15597.66
-15440.84
-14425.62
-16707.26
-15590.1
-15614.74
-15242.02
-15346.52
-14938.3
-15633.04
-15784.74
-15811.58
-16083.1
-15239.5
-15618.6
-15115.38
-15676.48
-15270.74
-15310.04
-15341.02
-16471.46
-15300.2
-15599.92
-14403.42
-16113.3
-16143.54
-15647.38
-15598.36
-15667.92
-15560.6
-15136.1
-16446.96
-15391.14
-15824.14
-15884.44
-15933.86
-15649.28
-14735.34
-15771.6
-14746.2
-15891.6
-14940.46
-14146.2
-16466.42
-14520.38
-14719.46
-15443.8
-15699.84
-15281.44
-16116.88
-15759.34
-15211.58
-14777.08
-15578.12
-15391.6
-14976.4
-15592.64
-15199.2
-15487.2
-16152.46
-15520.34
-15560.46
-16052.32
-15637.96
-15968.86
-16018.4
-15319.9
-14849.38
-16062.34
-15076.5
-16365.44
-16444.36
-16040.78
-15171.66
-16082.06
-16272.14
-16157.16
-16013.8
-15010.2
-16080.76
-16311.98
-15793.92
-15117.08
-15455.42
-16259.66
-16566.32
-15318.16
-15974.68
-16094.7
-16355.82
-14844.88
-17172.66
-15851.46
-16267.0
-16029.04
-16366.22
-15757.18
-15830.02
-15478.66
-16089.48
-17362.06
-15798.5
-16171.76
-16065.5
-17303.74
-15597.1
-16324.96
-16130.3
-16674.64
-15909.98
-15773.8
-16121.3
-15712.4
-15607.36
-16037.86
-16427.86
-16680.34
-16683.94
-16329.4
-15595.34
-16777.44
-15726.14
-16148.96
-16340.66
-17158.78
-16063.54
-16004.3
-15515.44
-16230.88
-16402.38
-16258.12
-15141.74
-16999.76
-15377.4
-15946.22
-16547.48
-15608.08
-14710.22
-16347.62
-15043.98
-15945.46
-15877.14
-15988.28
-15552.82
-16300.72
-16764.7
-15871.64
-14844.62
-16477.22
-15928.66
-15140.72
-15107.06
-15426.98
-15911.26
-16355.02
-16004.98
-15692.54
-15094.0
-15183.82
-15139.58
-15593.44
-15416.88
-16841.98
-16482.1
-16182.72
-16231.16
-14972.84
-15519.32
-14466.96
-16148.16
-16584.86
-15385.7
-15929.4
-16453.52
-15369.88
-15020.8
-15615.92
-16178.68
-15468.64
-15090.16
-16015.56
-17486.56
-14074.04
-16001.8
-16328.28
-16030.78
-16253.34
-16052.42
-15690.08
-16479.9
-16440.5
-15691.68
-15559.4
-15803.88
-15544.74
-16737.28
-16149.58
-14638.98
-14655.38
-15969.64
-15480.14
-15588.72
-14713.76
-14933.9
-16281.7
-15989.14
-15673.0
-15612.9
-16361.44
-15397.58
-15243.84
-16009.26
-15775.94
-15345.06
-14865.6
-15158.82
-15740.52
-15394.58
-15973.58
-15221.6
-15621.04
-16188.82
-15721.82
-16372.98
-15987.96
-15822.04
-16176.0
-15883.18
-15023.62
-14653.2
-16070.62
-15781.24
-15678.36
-15510.28
-16465.38
-16743.32
-15378.88
-15797.7
-16594.94
-15534.28
-15736.36
-15519.98
-16555.04
-16641.22
-15694.62
-15709.38
-15763.54
-15715.76
-15854.16
-15450.12
-14172.62
-15291.94
-16495.62
-15800.62
-15266.1
-15391.3
-16422.48
-15336.02
-15338.82
-16402.42
-15376.0
-15707.96
-16099.82
-16269.76
-15461.66
-14594.92
-15788.34
-15576.42
-15514.82
-16128.58
-15236.02
-15277.7
-16044.34
-15337.28
-16142.72
-16180.14
-15866.24
-16169.3
-15629.58
-15847.48
-14836.86
-15499.8
-15151.28
-16439.92
-15868.52
-15489.54
-14922.5
-16612.52
-15769.46
-15934.68
-15193.42
-15234.0
-14246.08
-14880.48
-15933.62
-15397.32
-15828.2
-14838.3
-16030.14
-15395.52
-15736.96
-15553.26
-15760.92
-15031.0
-15831.26
-16811.78
-15483.0
-16056.56
-16045.74
-15495.66
-16290.9
-15650.26
-16668.2
-16195.58
-14949.76
-15772.38
-15851.92
-15593.32
-15993.18
-14495.74
-14896.38
-15479.72
-15997.56
-15977.28
-15883.16
-16118.28
-15879.8
-15663.28
-15165.02
-15672.84
-15395.96
-15342.5
-16276.78
-15885.86
-16468.24
-15158.02
-15497.56
-16001.9
-16100.42
-15316.3
-15560.84
-15555.62
-15703.92
-16053.52
-15702.7
-16789.96
-15119.04
-15224.32
-15300.32
-15216.44
-15628.74
-14981.4
-16133.3
