-61798.3
-58702.86
-63279.18
-79615.3
-86841.04
-64956.92
-43168.72
-38160.46
-39569.26
-30731.28
-33329.04
-36502.92
-38581.42
-40743.7
-38831.76
-44302.0
-50543.96
-44999.4
-56274.22
-63760.96
-78090.88
-85464.08
-109328.48
-96096.6
-74903.82
-77649.4
-66934.62
-74730.3
-47805.96
-66135.68
-61100.4
-56571.46
-49607.1
-51649.26
-53092.16
-50678.22
-43967.46
-66198.36
-64100.48
-62570.82
-52463.92
-48303.5
-37510.76
-64374.46
-61895.88
-44637.24
-43497.48
-47138.56
-52016.2
-46761.28
-58767.32
-74962.54
-80298.3
-51271.44
-40117.78
-47745.8
-59216.24
-43097.72
-37739.94
-45754.12
-54957.24
-72938.7
-55594.26
-68475.72
-56742.38
-47778.78
-52811.88
-56021.32
-65344.2
-66898.38
-72245.6
-82486.6
-74131.66
-58942.52
-75166.22
-69273.98
-62530.3
-70007.0
-48719.66
-53249.62
-74966.32
-65512.68
-63445.92
-66671.16
-53424.06
-46526.24
-33942.02
-32805.56
-30028.54
-34000.88
-34698.3
-39011.64
-33407.54
-41963.24
-56264.64
-52541.02
-51624.48
-72779.08
-61434.4
-37777.16
-52210.32
-43932.48
-58558.76
-50759.66
-51505.18
-37134.34
-43423.56
-52226.84
-67796.26
-59190.78
-57011.78
-46377.22
-65534.98
-64005.7
-51708.46
-36622.14
-27215.28
-32383.66
-28832.42
-40534.38
-30991.62
-43932.7
-52168.64
-47946.06
-42394.82
-40622.22
-58262.64
-91735.96
-65649.36
-53440.36
-44988.12
-35587.48
-60766.0
-63415.24
-52954.94
-68510.0
-65874.88
-79870.42
-76403.7
-81895.14
-66520.58
-57212.42
-58459.56
-64772.24
-79314.06
-52773.26
-67239.02
-65316.2
-59542.8
-72489.7
-62585.56
-61257.54
-56272.96
-66727.12
-58336.44
-55052.46
-56017.58
-45949.66
-43054.42
-43378.0
-56908.9
-58992.46
-69981.32
-70736.0
-55911.14
-40615.5
-35892.44
-43949.78
-56494.8
-51859.08
-58729.9
-56050.84
-73321.76
-46695.12
-53829.66
-54957.3
-64533.56
-46602.34
-43679.54
-40373.88
-38849.04
-35332.26
-32969.76
-38464.9
-47651.32
-36618.06
-41053.16
-49493.24
-55874.56
-45393.2
-57915.76
-40151.98
-42868.66
-35973.86
-51049.98
-39000.54
-49238.1
-51851.64
-50742.3
-47424.6
-33242.06
-31868.96
-37185.8
-35725.24
-33377.28
-34182.54
-37361.26
-34531.48
-38818.9
-44488.06
-32018.04
-32152.02
-35808.6
-40884.88
-37592.3
-45715.48
-52666.38
-46076.42
-40008.6
-28247.32
-27203.06
-30636.88
-32399.56
-29754.72
-24477.88
-36499.14
-41150.12
-36670.58
-31286.26
-31786.28
-30969.56
-32403.9
-55954.68
-44704.56
-85588.76
-62889.0
-80490.34
-57393.16
-47966.84
-55568.78
-51043.64
-47798.06
-35586.92
-50777.52
-47903.64
-46986.86
-45316.02
-60727.22
-39452.12
-30116.4
-29947.52
-30487.16
-27525.4
-27158.52
-23452.98
-37460.84
-31516.42
-31590.74
-35338.24
-36537.6
-28320.1
-29072.14
-32358.74
-29919.26
-31213.54
-41460.12
-33278.24
-27352.56
-26869.58
-27480.18
-34064.1
-52265.9
-38214.84
-40379.26
-32751.0
-55406.2
-45780.24
-28259.42
-41144.5
-26474.5
-41289.34
-38368.78
-41517.04
-34542.66
-38713.66
-41782.14
-32141.62
-35966.48
-43544.38
-28987.58
-36679.24
-28915.06
-29303.82
-32498.52
-30618.74
-46737.3
-38696.22
-46020.32
-34881.96
-31731.44
-28429.56
-30968.48
-39595.78
-46603.38
-32975.5
-38575.28
-36762.68
-56671.66
-40080.16
-42369.74
-50199.64
-27591.66
-30150.74
-29793.7
-28898.34
-37505.12
-40445.16
-45857.84
-30898.06
-29749.28
-29868.94
-29051.9
-25589.12
-25205.46
-23789.18
-23254.2
-25564.08
-23540.34
-24865.02
-48576.5
-38844.82
-25298.16
-25524.32
-24460.72
-26085.14
-30909.42
-28400.28
-35164.88
-27345.92
-37207.84
-47715.76
-52590.54
-55414.78
-42274.44
-46065.46
-48102.08
-30980.68
-36306.7
-29309.48
-34931.44
-31158.76
-26994.4
-35506.8
-38983.22
-45182.16
-33665.7
-33351.72
-38095.76
-35070.78
-34793.64
-54648.72
-56708.82
-51704.94
-40390.24
-36743.84
-36593.36
-23029.96
-28544.0
-30912.02
-50762.54
-34615.66
-25421.3
-27597.2
-26546.72
-21090.78
-23540.04
-21153.76
-22220.02
-22764.56
-30988.3
-21498.38
-21770.36
-21770.44
-22603.52
-27977.26
-23391.7
-21361.34
-25407.78
-24652.0
-24640.08
-25479.8
-27648.02
-23603.38
-36423.24
-31052.5
-38273.72
-28214.16
-24620.66
-23253.16
-27731.58
-23316.4
-21596.66
-22016.32
-22440.2
-23136.6
-21042.58
-21890.66
-23407.58
-24927.64
-22752.44
-22962.92
-25721.76
-22260.6
-22247.28
-22074.82
-20852.4
-21082.56
-21696.26
-22504.46
-22486.28
-21760.38
-20377.9
-20811.96
-25614.62
-23688.02
-22050.42
-27367.6
-28775.34
-27815.08
-22826.1
-23537.92
-26120.92
-30355.82
-24325.76
-23700.04
-29972.04
-26884.34
-26109.26
-24196.26
-23284.92
-22899.7
-22666.86
-30528.96
-31774.16
-23260.56
-31835.34
-23168.78
-22237.3
-22563.88
-21261.66
-22389.68
-35623.54
-24722.86
-29267.12
-27106.16
-23558.9
-24026.72
-22233.34
-22203.3
-23170.56
-18930.24
-24623.44
-23474.34
-23106.36
-27963.36
-26972.24
-28801.1
-28570.94
-34248.2
-30949.88
-28171.04
-29697.16
-28816.52
-37368.48
-30519.86
-35815.94
-30453.54
-33961.8
-29113.52
-27744.42
-28980.52
-25236.22
-25151.04
-25102.74
-24161.78
-22946.86
-24311.44
-25437.04
-23042.0
-25342.82
-20729.9
-23063.74
-21051.66
-20572.22
-21322.1
-19537.9
-21155.66
-22193.1
-22137.84
-21474.38
-20300.2
-23387.52
-20446.64
-21159.62
-23208.18
-24183.16
-20569.66
-23877.26
-24200.0
-22705.94
-21334.06
-19308.94
-19627.7
-20464.96
-19155.06
-19041.14
-19743.36
-20208.12
-19996.22
-18003.94
-18541.52
-18946.28
-18758.7
-18077.96
-18746.46
-18626.18
-17336.1
-18196.64
-18978.94
-17093.64
-19223.66
-19364.36
-20346.54
-19149.94
-19764.06
-24005.36
-23140.2
-20893.42
-20642.74
-20586.44
-19526.2
-18964.22
-22746.34
-20173.0
-20056.22
-19305.0
-19692.06
-18970.46
-20059.92
-20639.7
-20418.66
-20470.88
-19716.74
-20648.6
-20946.1
-19719.64
-19629.86
-19606.2
-19278.5
-18449.34
-18520.76
-18302.82
-19932.66
-20536.26
-21159.7
-40901.9
-21163.96
-19521.74
-19680.72
-19721.5
-20215.84
-19766.12
-27272.3
-29637.8
-25627.12
-23160.26
-21707.08
-19251.14
-19947.82
-18535.48
-18767.36
-19874.56
-20956.44
-19478.62
-19487.68
-22282.8
-22813.48
-20252.5
-23502.48
-21657.4
-19706.08
-18774.08
-23559.38
-28976.52
-20889.72
-21642.42
-20041.2
-21024.96
-19442.84
-20670.92
-21128.48
-19291.5
-23112.02
-23116.32
-21536.5
-20040.16
-20720.54
-21147.38
-21189.24
-20906.38
-23780.06
-20253.88
-20469.88
-19176.1
-21107.0
-21763.34
-18894.54
-20930.12
-22386.3
-22576.88
-19805.16
-20787.92
-20165.48
-20544.1
-21714.62
-23047.5
-20130.14
-20315.92
-23683.54
-21227.42
-19919.94
-21517.52
-25534.8
-28317.8
-26405.48
-23737.46
-19874.44
-18820.68
-22357.26
-25968.3
-33822.82
-37955.04
-34106.36
-22258.8
-24325.8
-22340.6
-22016.86
-24587.82
-23600.88
-22809.54
-19751.0
-20762.98
-21669.68
-19189.26
-23010.46
-20776.86
-28863.6
-25551.16
-29754.96
-25955.6
-32043.96
-28010.4
-26543.3
-24469.98
-22218.16
-22909.84
-25726.38
-18785.98
-26874.06
-25520.82
-25826.12
-22232.78
-19596.94
-21763.4
-28669.64
-24234.24
-23098.26
-20207.18
-20979.76
-20422.06
-19834.78
-22337.06
-18839.42
-20519.4
-21293.64
-19739.32
-21814.68
-26355.04
-19982.8
-20238.54
-18176.06
-20651.66
-21013.16
-19985.8
-20367.12
-18608.68
-18810.2
-18606.86
-22895.04
-25036.18
-22265.34
-20681.7
-20316.68
-19579.76
-21716.82
-31156.04
-28115.76
-30187.74
-30957.8
-20546.74
-22427.44
-19644.58
-28814.72
-22668.16
-29490.56
-22733.54
-20527.02
-24879.9
-21504.06
-18532.08
-20872.64
-18382.72
-19928.64
-27458.92
-23629.0
-21867.78
-24082.34
-20059.74
-19745.12
-23101.98
-19721.9
-19511.88
-21364.56
-20037.46
-20696.42
-19986.78
-22174.28
-21954.4
-21579.92
-18810.82
-21347.1
-18743.8
-18408.64
-27466.2
-31337.72
-22245.8
-18748.3
-20511.74
-23081.08
-30789.68
-20301.94
-21429.9
-26892.9
-22620.76
-23561.7
-21676.96
-21055.7
-19284.88
-29997.2
-23665.26
-21355.06
-29863.7
-41499.4
-26622.5
-30610.64
-38357.64
-19471.48
-18115.92
-19170.46
-19703.14
-20945.28
-20100.96
-19671.08
-19537.16
-23423.5
-21748.52
-21935.82
-29032.54
-21632.9
-22016.58
-22151.76
-18858.82
-23237.44
-25922.1
-26276.98
-23286.92
-22404.9
-19035.46
-18021.6
-20068.96
-21462.34
-20689.82
-19414.12
-20578.86
-18474.34
-20639.88
-19222.6
-19921.54
-20350.94
-24558.46
-27749.16
-19821.18
-19757.72
-22205.52
-19129.38
-20529.54
-18681.72
-18342.34
-19238.32
-21365.12
-21098.14
-22339.68
-30576.72
-23211.06
-20031.42
-18608.04
-18644.6
-21724.22
-19866.98
-19504.02
-20592.52
-20607.92
-20711.34
-19626.84
-19977.0
-21881.06
-20524.68
-20316.18
-19607.62
-19310.16
-18624.66
-20064.6
-18098.88
-20526.98
-18826.92
-19212.94
-19875.42
-20535.8
-19797.7
-19606.42
-19266.9
-18054.78
-20657.16
-21624.16
-21137.7
-21229.74
-20378.02
-19519.04
-19047.02
-20891.76
-19505.26
-18069.32
-19609.28
-19910.7
-20080.24
-19801.4
-17285.48
-19440.88
-18709.94
-20043.9
-19742.44
-19504.98
-18571.0
-18802.82
-20092.52
-20083.82
-20050.2
-20796.06
-22262.84
-19730.52
-20707.28
-19613.74
-18407.66
-20062.46
-20672.12
-21187.16
-21663.6
-21411.16
-20818.38
-20489.76
-19972.42
-18474.76
-19776.1
-17977.66
-19386.0
-19634.98
-18808.22
-20539.0
-19325.14
-17644.26
-18995.58
-19052.14
-17938.32
-20055.9
-19217.8
-19205.16
-18933.16
-18597.86
-18201.82
-19086.92
-19319.46
-19726.72
-20129.02
-20227.16
-20602.74
-20872.02
-19176.66
-20376.62
-19343.5
-18783.8
-19686.24
-20277.0
-19124.76
-18611.68
-19773.84
-20139.3
-19122.16
-20044.96
-17930.54
-19743.84
-18870.08
-18829.68
-21062.74
-21060.12
-20245.4
-19351.16
-18586.98
-19866.06
-19094.52
-22677.7
-19355.88
-18626.66
-18182.28
-19703.64
-20615.92
-19219.66
-19053.76
-18210.76
-19284.52
-17565.5
-18570.0
-19841.7
-17592.24
-18408.74
-18247.38
-19106.38
-21050.88
-18720.98
-19357.36
-19922.9
-19542.78
-19919.6
-22254.58
-21506.08
-21274.0
-18738.74
-18939.8
-18169.18
-19562.42
-19015.64
-19005.7
-22632.66
-20362.82
-20899.74
-20431.76
-19954.48
-25569.54
-20754.14
-22455.12
-22638.2
-20188.02
-30201.3
-22939.84
-25724.26
-19704.62
-19617.88
-20037.7
-21253.16
-20132.52
-18109.06
-19128.5
-23941.62
-19943.94
-19866.36
-19980.1
-21557.9
-18954.28
-22681.86
-18675.22
-19178.62
-17734.48
-18528.66
-20833.0
-18554.0
-19148.88
-18806.04
-19643.7
-20496.7
-19791.88
-18903.52
-18094.56
-18588.16
-17706.74
-18890.22
-18477.96
-18702.78
-18621.42
-18391.8
-18612.6
-17593.12
-19069.92
-19377.96
-21720.06
-20114.22
-20344.46
-20290.08
-19849.22
-19175.0
-20800.44
-20573.94
-20500.4
-20941.98
-23454.96
-24708.98
-18408.42
-18056.6
-24181.86
-27782.98
-22193.64
-21734.02
-20467.38
-20689.04
-20223.64
-18744.68
-19850.94
-18480.36
-20174.14
-18931.2
-16968.9
-20579.96
-19927.66
-19658.02
-21254.88
-19957.28
-27271.18
-19391.74
-18952.0
-18664.74
-23150.26
-22023.44
-18299.64
-19925.98
-19179.38
-20851.88
-21815.78
-19265.92
-18744.3
-18362.58
-18608.34
-19488.32
-18734.2
-20309.12
-18561.86
-18590.22
-19260.6
-18762.28
-17284.08
-18655.48
-17931.28
-19516.04
-17828.78
-19203.78
-17958.52
-17935.36
-17809.0
-17982.46
-17871.24
-18413.2
-18403.04
-19939.7
-18134.02
-17611.14
-19167.92
-20498.5
-21365.8
-24418.24
-19947.6
-20660.5
-21352.54
-21262.64
-21099.78
-18608.62
-18134.86
-18257.64
-18970.92
-21443.08
-21002.8
-19674.9
-19510.36
-20477.82
-21245.18
-19593.1
-19892.2
-20129.02
-19670.22
-20490.1
-18841.36
-21537.72
-18766.5
-22073.46
-20788.44
-20590.6
-19335.48
-19126.08
-19454.9
-20864.54
-19107.8
-18859.84
-18861.74
-19396.04
-17510.58
-19027.14
-19816.64
-18079.62
-18598.22
-18393.3
-18787.4
-18452.76
-19632.14
-18400.22
-18497.68
-18628.92
-19276.12
-19755.4
-21043.44
-24322.58
-21283.94
-19861.78
-21423.46
-19844.16
-20440.16
-22949.44
-21980.62
-21007.46
-21832.5
-21291.52
-20824.64
-19481.96
-19932.52
-17476.48
-17530.58
-18989.46
-19485.74
-18595.0
-19026.08
-20106.38
-20525.4
-20097.04
-19723.0
-17874.22
-19414.04
-19781.32
-19972.94
-19755.88
-21042.98
-18575.34
-19300.32
-18480.32
-20241.96
-20310.94
-20152.7
-18568.82
-21538.32
-19831.8
-18811.5
-17871.42
-19136.4
-19195.36
-17875.94
-23399.36
-20029.96
-21275.06
-21514.48
-19285.56
-19930.82
-19461.2
-19327.56
-19688.4
-21632.72
-19776.66
-20192.7
-22062.38
-19818.32
-19228.06
-18558.84
-19503.28
-17828.14
-19186.32
-18167.16
-18547.88
-19867.62
-18278.72
-19320.9
-19627.76
-18652.32
-19487.82
-18067.28
-19262.0
-19205.94
-19543.26
-20077.58
-19657.02
-19578.06
-19250.72
-18559.18
-19081.54
-18731.6
-19835.32
-18814.08
-17811.32
-18333.92
-18330.0
-19347.8
-18672.14
-18730.0
-18587.26
-18528.62
-17918.78
-18260.5
-17972.18
-19669.98
-19596.42
-18477.16
-19666.98
-19788.82
-20015.44
-20041.38
-19536.7
-18155.58
-20763.42
-19824.98
-18840.64
-19219.12
-18841.22
-19062.26
-20151.1
-18502.94
-19718.88
-18843.0
-19182.56
-19308.04
-18886.42
-19874.54
-18824.38
-20835.0
-18733.26
-18747.72
-18773.76
-19051.1
-19695.7
-18661.86
-18416.02
-18646.6
-19619.88
-20968.54
-19468.94
-19270.42
-20668.22
-20540.0
-19518.34
-19150.12
-19039.62
-19220.32
-21159.64
-18755.14
-21089.54
-20503.26
-19570.68
-19863.14
-19613.98
-19512.02
-19168.24
-19819.14
-19943.04
-19227.72
-17777.56
-19646.74
-19850.16
-19667.38
-18112.56
-19553.58
-18689.76
-17003.8
-17032.12
-18125.92
-18646.06
-19158.74
-18475.5
-18299.22
-19386.56
-18884.8
-18849.34
-19611.62
-19052.88
-18109.5
-19605.36
-20574.96
-19121.0
-19195.72
-19256.46
-19295.28
-20274.88
-18267.64
-18047.98
-19086.14
-18202.68
-19874.84
-19194.02
-18877.24
-18675.74
-19540.92
-19700.02
-18532.0
-18425.16
-18587.52
-18977.82
-18496.24
-18615.28
-19359.16
-19547.0
-17263.06
-19155.32
-19154.4
-19438.96
-19693.88
-18252.26
-18401.78
-18965.32
-19048.24
-18142.26
-19328.94
-18698.98
-18832.26
-19265.46
-18631.56
-19548.94
-18755.56
-18954.26
-19246.26
-18957.62
-18038.56
-16994.4
-19892.86
-19321.62
-18178.12
-19123.02
-19371.1
-18023.96
-18955.6
-18819.12
-18969.68
-18643.58
-19582.82
-19609.56
-18769.4
-19827.44
-19635.86
-18307.26
-19477.94
-19514.5
-21109.22
-19801.36
-19272.18
-19904.5
-19998.8
-19317.94
-19293.08
-19382.56
-19295.66
-20191.94
-17786.64
-20054.72
-21887.6
-19412.18
-19840.44
-20411.0
-19364.02
-19584.86
-19947.32
-19167.14
-19476.6
-18571.5
-19386.58
-18908.74
-17674.44
-18498.24
-19122.0
-18878.72
-18361.22
-18288.06
-17865.8
-17800.84
-18897.24
-18744.5
-18800.34
-18766.24
-20758.66
-19002.72
-21375.7
-19328.08
-19220.24
-19970.36
-21723.38
-21801.82
-29008.62
-19763.04
-22999.34
-22411.3
-23204.5
-20991.36
-26353.08
-25369.54
-28909.4
-25440.88
-21568.38
-21110.0
-18044.92
-18723.94
-18362.2
-18045.36
-18953.36
-19395.52
-17713.88
-17890.02
-17294.14
-18250.64
-19804.12
-19391.78
-18902.34
-18988.8
-18420.08
-17873.6
-18685.42
-17606.26
-18478.3
-17757.84
-18681.42
-17813.94
-19269.56
-17850.7
-19565.92
-18970.48
-19182.78
-20055.16
-19377.86
-19002.0
-18858.72
-18997.28
-22730.56
-21369.22
-21858.8
-25063.48
-18855.76
-18543.14
-20150.02
-19545.94
-19546.44
-20175.8
-19871.14
-20248.42
-21630.38
-21074.62
-22038.82
-22192.88
-20992.18
-21738.44
-23087.2
-20032.2
-18579.8
-20557.62
-19725.28
-20624.12
-19188.78
-19407.9
-20456.78
-21964.38
-24834.36
-22054.96
-19796.1
-20170.3
-19492.48
-19235.14
-18919.2
-18105.32
-18634.42
-18801.48
-17445.3
-20107.96
-20455.28
-19273.68
-20090.32
-19208.38
-18733.04
-19351.76
-18831.44
-17658.22
-17364.7
-18572.86
-18754.9
-18977.44
-19124.52
-19166.98
-19495.1
-19538.0
-19059.08
-18601.7
-17900.6
-18369.86
-18918.02
-19250.76
-18417.02
-18470.72
-18136.82
-19176.78
-18615.08
-18317.24
-18776.14
-20128.24
-19703.8
-18852.26
-19158.62
-18960.34
-18711.6
-19795.18
-19425.34
-19838.92
-19268.7
-18164.2
-17674.94
-19483.3
-18094.56
-21690.48
-20322.78
-20794.74
-20027.12
-19590.32
-20110.22
-20037.94
-20055.16
-20127.58
-22571.2
-22947.72
-20374.14
-19673.92
-20920.28
-20231.74
-19816.68
-19539.22
-19139.58
-19073.7
-19543.0
-18212.24
-18546.14
-19110.16
-18217.84
-18831.82
-19777.16
-19613.54
-19232.48
-18403.3
-19433.82
-18124.52
-18737.68
-17745.9
-18856.02
-18489.86
-18190.14
-18286.78
-19889.76
-19197.48
-19387.0
-18411.88
-18907.92
-19001.06
-18613.38
-18891.32
-19126.94
-19257.22
-20010.08
-18392.8
-20939.54
-21970.26
-20773.9
-20879.2
-20577.34
-18312.6
-19543.8
-19442.0
-18997.66
-21183.96
-19381.34
-19027.16
-18668.58
-19538.96
-18184.32
-18844.94
-19289.7
-19017.06
-18845.52
-18903.7
-18729.02
-18440.06
-18503.82
-18959.82
-19037.62
-19983.42
-19122.42
-18859.6
-19873.58
-19496.3
-18056.76
-19183.8
-18059.1
-20622.12
-17958.58
-19561.78
-19453.74
-21236.18
-20437.28
-18288.08
-19620.02
-19162.74
-18232.48
-18565.76
-20101.82
-21180.24
-20099.4
-20032.72
-17638.86
-19547.82
-21693.62
-20103.92
-20605.58
-18714.92
-18141.14
-19818.26
-18239.5
-18212.16
-20142.2
-20201.98
-19627.94
-21043.8
-19400.8
-19619.66
-20161.36
-19475.04
-19616.16
-18995.66
-19288.22
-19294.04
-19953.62
-19356.54
-18251.04
-18953.22
-19823.4
-19876.2
-19935.9
-19825.58
-19412.14
-18773.24
-19306.92
-18093.6
-18542.56
-20306.74
-20067.52
-18516.9
-19766.2
-18937.86
-17527.16
-17938.68
-19095.7
-18699.92
-18069.96
-19112.1
-18488.12
-17240.7
-18659.26
-19302.18
-18919.5
-19164.18
-17669.64
-19238.38
-19021.4
-18783.98
-19273.14
-19007.46
-17608.52
-19742.32
-20095.28
-19014.42
-18444.22
-19845.92
-19690.38
-19631.08
-20268.54
-18545.42
-19488.0
-20599.34
-18276.72
-19133.98
-18668.64
-19411.26
-18668.28
-18954.78
-19560.42
-19818.92
-18873.02
-18206.62
-18241.42
-19141.38
-18349.62
-17751.94
-18504.9
-18594.46
-19377.18
-19156.56
-19612.94
-18419.58
-19232.98
-20519.16
-19127.28
-17754.88
-18932.46
-18008.56
-16920.26
-19211.46
-18874.02
-18389.22
-18347.58
-18658.22
-19532.18
-18955.38
-18589.38
-19041.9
-19771.76
-18433.46
-19953.98
-19745.7
-18477.18
-18592.74
-18965.74
-20301.9
-18337.5
-20186.18
-20053.96
-18586.42
-19195.22
-19493.8
-19202.72
-18674.26
-18667.38
-18210.14
-18596.92
-18830.54
-20138.42
-19101.9
-18903.22
-19462.36
-19329.12
-19347.78
-17982.6
-19687.9
-19670.98
-17967.12
-19873.02
-19688.38
-19300.44
-20272.48
-18392.56
-18616.62
-19608.2
-18408.26
-18798.12
-18747.72
-18681.62
-17757.06
-19278.48
-18462.24
-19729.78
-18217.92
-18414.32
-17843.62
-18484.74
-18312.64
-18312.26
-19433.5
-18846.78
-19176.38
-18268.76
-17869.78
-18073.68
-18577.12
-20292.96
-17104.08
-18602.52
-17814.34
-17504.22
-18407.06
-18909.68
-19529.14
-18908.36
-19307.44
-19412.0
-18770.28
-18852.2
-18816.02
-19147.82
-18884.88
-18329.3
-18607.42
-19977.78
-18894.2
-18457.88
-18865.64
-19121.32
-19150.88
-19279.72
-19671.56
-18953.68
-18534.58
-19926.04
-18685.74
-18097.98
-18165.34
-19104.3
-19834.5
-18562.96
-18691.48
-18956.78
-18429.16
-18609.98
-18907.12
-18824.28
-18885.38
-17471.38
-19342.06
-19817.1
-18892.76
-18267.24
-18949.82
-18654.82
-20253.32
-17488.54
-18173.4
-17900.92
-17764.44
-18770.66
-18634.98
-18354.8
-18772.9
-19486.28
-18916.58
-18361.86
-18172.0
-20363.1
-18878.3
-19633.58
-20113.28
-18936.14
-18499.1
-18495.78
-19127.94
-19596.64
-19916.04
-19373.74
-19023.68
-19577.52
-19336.66
-19787.42
-18132.5
-18405.86
-18979.4
-17836.64
-19341.92
-18150.54
-20804.86
-18515.24
-19115.7
-18324.24
-19461.02
-20016.26
-18608.4
-18639.62
-17938.96
-18877.78
-19044.56
-19667.74
-20082.2
-20613.18
-18047.26
-18344.96
-18523.06
-18934.72
-18430.06
-19100.98
-20110.14
-19046.8
-19390.08
-19557.62
-18339.82
-18813.92
-18436.22
-20617.82
-19634.22
-18708.8
-19363.28
-19539.6
-19958.44
-19038.22
-19182.24
-19186.88
-19228.14
-18391.26
-20360.78
-21376.62
-20880.22
-19283.3
-19713.9
-18942.62
-18174.48
-17884.36
-19307.1
-18765.08
-19374.94
-19449.42
-18071.28
-18728.62
-17344.3
-19091.52
-18410.08
-18904.82
-18408.74
-17874.78
-19404.28
-18631.02
-18644.86
-18432.66
-20151.68
-18900.72
-18434.74
-17180.3
-18185.52
-20134.9
-20096.54
-18872.22
-17544.6
-17822.46
-17938.42
-18204.72
-19822.42
-19643.92
-18725.42
-19207.06
-18150.94
-19650.62
-18195.0
-18036.6
-18582.66
-19877.84
-18265.12
-19644.82
-19036.94
-19485.08
-18980.1
-19268.78
-19978.3
-19679.26
-18825.56
-18988.22
-19020.52
-18245.84
-19045.24
-19880.4
-20340.52
-18412.04
-19269.54
-18220.88
-18905.0
-19971.22
-18879.32
-18659.38
-19321.04
-18759.32
-19279.76
-19229.12
-20240.08
-19067.28
-19636.46
-19270.96
-18768.54
-19141.0
-18705.74
-19689.7
-19587.42
-20034.62
-19210.86
-18428.96
-17487.9
-19004.24
-17291.8
-18169.58
-18886.48
-19034.86
-20119.02
-19202.48
-18335.14
-18570.54
-18443.42
-18662.54
-18164.26
-17986.6
-17604.74
-18683.1
-19098.22
-19186.26
-18691.08
-19496.14
-19347.98
-18659.92
-18842.6
-18190.88
-19752.98
-19798.34
-18940.72
-19886.92
-18343.24
-18603.76
-18875.92
-18691.92
-19947.36
-18287.42
-19557.54
-19556.14
-21298.22
-19381.28
-20285.98
-19679.52
-19473.18
-20281.34
-19125.0
-20308.76
-19287.14
-18912.78
-18240.04
-18020.5
-18489.06
-18957.0
-18141.66
-18621.26
-17886.26
-19678.68
-19100.16
-18918.42
-19032.3
-18547.44
-19232.86
-19549.66
-18389.64
-19170.56
-19477.72
-19351.7
-19441.28
-20174.74
-20475.76
-19831.88
-20049.6
-21277.58
-19707.92
-20224.34
-20538.32
-18821.86
-20415.14
-18029.02
-18364.78
-17785.92
-19582.44
-18889.8
-19719.6
-18591.82
-18347.3
-19449.32
-21997.76
-19499.6
-19400.02
-19630.08
-20511.24
-19187.8
-19351.28
-19003.96
-19274.42
-19603.24
-19022.66
-19617.26
-18807.28
-19746.7
-18363.42
-18279.9
-18751.72
-18159.26
-19744.34
-17959.28
-19969.72
-18985.48
-18549.24
-18784.16
-17073.94
